200 0.039
210 0.028
220 0.015
230 0.018
240 0.028
250 0.019
260 0.007
270 0.004
280 0.003
290 0.003
300 0.002
310 0.002
320 0.002
330 1E-3
340 1E-3
350 0
360 0
370 0
380 0
390 0
400 0
410 0
420 0
430 0
440 0
450 0
500 0
600 0
700 0
800 0
900 0
1000 0
1200 0
1400 0
1600 0
1800 0
2000 0
2100 0
2200 0
2300 0
2400 0
2500 0
2600 1E-3
2700 0.06
2800 0.06
2900 0.012
3000 0.004
3050 0.004
3100 0.004
3200 0.004
3300 0.004
3400 0.004
3500 0.012
3600 0.025
3700 0.044
3800 0.059
3900 0.059
4000 0.071
4100 0.09
4200 0.125
4300 0.18
4400 0.26
4500 0.28
4600 0.25
4700 0.28
4800 0.39
4900 0.55
5000 0.7
5100 0.85
5200 1.05
5300 1.2