1000 1E-3
1100 1E-3
1200 1E-3
1300 1E-3
1400 1E-3
1500 1E-3
1600 1E-3
1700 1E-3
1800 1E-3
1900 1E-3
2000 1E-3
2100 1E-3
2200 1E-3
2300 1E-3
2400 1E-3
2500 1E-3
2600 1E-3
2650 0.003
2700 0.006
2750 0.03
2800 0.077
2850 0.119
2900 0.157
2950 0.161
3000 0.081
3050 0.093
3100 0.095
3200 0.077
3300 0.07
3400 0.062
3500 0.051
3600 0.04
3700 0.031
3800 0.028
3900 0.025
4000 0.024
4100 0.023
4200 0.021
4300 0.023
4400 0.025
4500 0.029
4600 0.033
4700 0.044
4800 0.05
4900 0.07
5000 0.112
5100 0.175
5200 0.27
5300 0.38
5400 0.47
5500 0.54
5600 0.58
5700 0.58
5800 0.59
5900 0.62
6000 0.67