1000 0.002
1100 0.003
1200 0.003
1300 0.002
1400 0.002
1500 1E-3
1600 1E-3
1700 1E-3
1800 1E-3
1900 1E-3
2000 1E-3
2100 1E-3
2200 1E-3
2300 1E-3
2400 1E-3
2500 0.002
2600 0.002
2650 0.002
2700 0.003
2750 0.004
2800 0.006
2850 0.009
2900 0.02
2950 0.054
3000 0.081
3050 0.093
3100 0.095
3200 0.077
3300 0.07
3400 0.054
3500 0.034
3600 0.025
3700 0.023
3800 0.025
3900 0.033
4000 0.045
4100 0.054
4200 0.063
4300 0.074
4400 0.089
4500 0.21
4600 0.39
4700 0.54
4800 0.66
4900 0.71
5000 0.77
5100 0.96
5200 1.28
5300 1.8
5400 2.7
5500 4.3
5600 6