280 6
290 5.5
300 2.6
310 1.4
320 0.79
330 0.44
340 0.25
350 0.144
360 0.075
370 0.04
380 0.033
390 0.033
400 0.036
410 0.05
420 0.072
430 0.106
440 0.15
450 0.21
460 0.3
470 0.47
480 0.71
490 1.04
500 1.36
510 1.75
520 2.3
530 2.65
540 2.65
550 2.3
560 2.1
570 2.5
580 3.3
590 4
600 4
610 3.8
620 3.8
630 3.9
640 4
650 3.9
660 3.6
670 2.75
680 1.8
690 1.10
700 0.75
710 0.58
720 0.47
730 0.43
740 0.41
750 0.41
760 0.41
780 0.41
800 0.41
820 0.41
840 0.4
860 0.38
880 0.37
900 0.36
920 0.34
940 0.32
960 0.31
980 0.3
1000 0.3
1050 0.32
1100 0.38
1150 0.49
1200 0.64
1250 0.73
1300 0.74
1350 0.68
1400 0.65
1450 0.69
1500 0.71
1600 0.62
1700 0.59
1800 0.55
1900 0.37
2000 0.24
2100 0.17
2200 0.12
2300 0.08
2400 0.06
2500 0.04
2600 0.06
2700 0.14
2800 0.2
2900 0.22
3000 0.21