240 6
250 3.5
260 2.6
270 1.1
280 0.57
290 0.31
300 0.19
310 0.122
320 0.084
330 0.058
340 0.043
350 0.032
360 0.025
370 0.022
380 0.023
390 0.026
400 0.035
410 0.056
420 0.082
430 0.126
440 0.19
450 0.3
460 0.45
470 0.68
480 0.95
490 1.19
500 1.47
510 1.65
520 1.75
530 1.75
540 1.65
550 1.55
560 1.5
570 1.75
580 2.2
590 2.85
600 3.2
610 3.2
620 3.1
630 2.95
640 3.1
650 3.4
660 3.5
670 3.1
680 2.7
690 1.95
700 1.28
710 0.77
720 0.43
730 0.24
740 0.13
750 0.067
760 0.036
780 0.014
800 0.011
820 0.012
840 0.014
860 0.017
880 0.02
900 0.024
920 0.029
940 0.035
960 0.042
980 0.052
1000 0.064
1050 0.11
1100 0.185
1150 0.27
1200 0.38
1250 0.48
1300 0.51
1350 0.52
1400 0.55
1450 0.58
1500 0.59
1600 0.53
1700 0.52
1800 0.53
1900 0.48
2000 0.38
2100 0.3
2200 0.26
2300 0.21
2400 0.17
2500 0.14
2600 0.12
2700 0.16
2800 0.35
2900 0.42
3000 0.37
