250 6
260 5
270 2.3
280 1.16
290 0.58
300 0.31
310 0.18
320 0.11
330 0.067
340 0.046
350 0.034
360 0.027
370 0.027
380 0.033
390 0.042
400 0.062
410 0.104
420 0.165
430 0.25
440 0.32
450 0.57
460 0.85
470 1.29
480 1.8
490 2.25
500 2.8
510 3.2
520 3.3
530 3.3
540 3.2
550 2.95
560 2.85
570 3.4
580 4.2
590 5.4
600 6.1
610 6.1
620 5.9
630 5.6
640 5.9
650 6.6
660 6.5
670 6.1
680 5.1
690 3.6
700 2.3
710 1.42
720 0.78
730 0.44
740 0.23
750 0.1
760 0.053
780 0.02
800 0.016
820 0.018
840 0.022
860 0.028
880 0.035
900 0.042
920 0.052
940 0.063
960 0.077
980 0.092
1000 0.118
1050 0.24
1100 0.37
1150 0.55
1200 0.75
1250 0.95
1300 1
1350 1.02
1400 1.08
1450 1.15
1500 1.17
1600 1.05
1700 1.03
1800 1.05
1900 0.94
2000 0.76
2100 0.6
2200 0.51
2300 0.42
2400 0.34
2500 0.27
2600 0.24
2700 0.27
2800 0.49
2900 0.54
3000 0.45
