300 6
320 2.5
340 1.15
360 0.75
380 0.7
400 0.9
420 1.6
440 2.75
460 4.1
480 4.4
500 4.4
520 4.1
540 3.8
560 3.3
580 2.85
600 2.45
620 2.2
640 2
660 1.8
680 1.6
700 1.36
720 1.2
740 1.03
760 0.86
780 0.69
800 0.55
820 0.46
840 0.39
860 0.31
880 0.23
900 0.16
920 0.1
940 0.07
960 0.05
980 0.035
1000 0.03
1050 0.025
1100 0.02
1150 0.017
1200 0.015
1250 0.013
1300 0.012
1350 0.011
1400 0.01
1450 0.01
1500 0.01
1550 0.01
1600 0.01
1650 0.01
1700 0.01
1750 0.01
1800 0.01
1850 0.01
1900 0.01
1950 0.01
2000 0.011
2100 0.012
2200 0.014
2300 0.016
2400 0.02
2500 0.024
2600 0.03
2700 0.04
2800 0.052
2900 0.07
3000 0.09
3100 0.1
3200 0.14
3300 0.17
3400 0.21
3500 0.23
3600 0.24
3700 0.24
3800 0.24
3900 0.20
4000 0.21
4100 0.23
4200 0.24
4300 0.32
4400 0.4
4500 0.5
4600 0.65
4700 0.95
4800 1.27
4900 1.65
5000 1.85