320 6
340 3.5
360 4.4
380 4.1
400 3.2
420 5.3
440 6
460 6
480 6
500 6
520 6
540 6
560 6
580 6
600 6
620 6
640 5.8
660 5.2
680 4.6
700 3.9
720 3.5
740 3
760 2.6
780 2.05
800 1.6
820 1.35
840 1.12
860 0.88
880 0.67
900 0.48
920 0.37
940 0.29
960 0.23
980 0.18
1000 0.16
1050 0.11
1100 0.08
1150 0.06
1200 0.048
1250 0.041
1300 0.036
1350 0.034
1400 0.032
1450 0.03
1500 0.029
1550 0.028
1600 0.028
1650 0.028
1700 0.028
1750 0.028
1800 0.028
1850 0.028
1900 0.028
1950 0.028
2000 0.028
2100 0.028
2200 0.028
2300 0.029
2400 0.03
2500 0.032
2600 0.035
2700 0.045
2800 0.065
2900 0.095
3000 0.13
3100 0.13
3200 0.15
3300 0.17
3400 0.18
3500 0.19
3600 0.19
3700 0.19
3800 0.19
3900 0.19
4000 0.19
4100 0.2
4200 0.21
4300 0.28
4400 0.35
4500 0.5
4600 0.65
4700 0.95
4800 1.27
4900 1.65
5000 1.85