300 6
320 2.9
340 1.6
360 1.85
380 1.55
400 0.85
420 1.48
440 3.1
460 4.7
480 6.1
500 6.1
520 6
540 5.5
560 4.8
580 4.1
600 3.6
620 3.3
640 2.9
660 2.6
680 2.35
700 2.05
720 1.8
740 1.46
760 1.2
780 0.96
800 0.75
820 0.6
840 0.46
860 0.35
880 0.27
900 0.2
920 0.15
940 0.115
960 0.086
980 0.068
1000 0.051
1050 0.028
1100 0.017
1150 0.012
1200 0.01
1250 0.009
1300 0.009
1350 0.009
1400 0.009
1450 0.009
1500 0.009
1550 0.009
1600 0.009
1650 0.009
1700 0.009
1750 0.009
1800 0.01
1850 0.01
1900 0.011
1950 0.012
2000 0.012
2100 0.014
2200 0.016
2300 0.017
2400 0.019
2500 0.021
2600 0.023
2700 0.027
2800 0.04
2900 0.085
3000 0.09
3100 0.095
3200 0.12
3300 0.16
3400 0.21
3500 0.24
3600 0.25
3700 0.27
3800 0.28
3900 0.28
4000 0.28
4100 0.29
4200 0.32
4300 0.38
4400 0.47
4500 0.6
4600 0.85
4700 1.1
4800 1.23
4900 1.38
5000 1.6