620 6
640 6
660 5.4
680 4.9
700 4.3
720 3.7
740 3
760 2.5
780 2
800 1.6
820 1.28
840 0.99
860 0.76
880 0.57
900 0.44
920 0.32
940 0.25
960 0.19
980 0.147
1000 0.114
1050 0.063
1100 0.039
1150 0.027
1200 0.022
1250 0.02
1300 0.019
1350 0.018
1400 0.017
1450 0.016
1500 0.015
1550 0.014
1600 0.013
1650 0.012
1700 0.011
1750 0.01
1800 0.009
1850 0.009
1900 0.009
1950 0.009
2000 0.009
2100 0.009
2200 0.01
2300 0.011
2400 0.013
2500 0.014
2600 0.017
2700 0.022
2800 0.035
2900 0.085
3000 0.09
3100 0.1
3200 0.13
3300 0.15
3400 0.19
3500 0.22
3600 0.24
3700 0.24
3800 0.24
3900 0.24
4000 0.24
4100 0.25
4200 0.3
4300 0.35
4400 0.45
4500 0.6
4600 0.85
4700 1.02
4800 1.2
4900 1.35
5000 1.6