700 6
720 5.7
740 4.6
760 3.8
780 3.1
800 2.5
820 1.95
840 1.49
860 1.14
880 0.87
900 0.66
920 0.5
940 0.37
960 0.28
980 0.22
1000 0.16
1050 0.084
1100 0.047
1150 0.037
1200 0.031
1250 0.029
1300 0.027
1350 0.025
1400 0.023
1450 0.022
1500 0.02
1550 0.019
1600 0.017
1650 0.016
1700 0.015
1750 0.013
1800 0.012
1850 0.011
1900 0.01
1950 0.009
2000 0.009
2100 0.009
2200 0.01
2300 0.011
2400 0.012
2500 0.013
2600 0.014
2700 0.018
2800 0.03
2900 0.085
3000 0.09
3100 0.105
3200 0.13
3300 0.15
3400 0.17
3500 0.19
3600 0.19
3700 0.19
3800 0.19
3900 0.19
4000 0.18
4100 0.19
4200 0.21
4300 0.26
4400 0.35
4500 0.47
4600 0.65
4700 0.9
4800 1.1
4900 1.27
5000 1.5