300 6
310 2.1
320 0.95
330 0.4
340 0.2
350 0.1
360 0.041
370 0.022
380 0.019
390 0.022
400 0.029
410 0.039
420 0.05
430 0.066
440 0.079
450 0.081
460 0.08
470 0.075
480 0.073
490 0.071
500 0.07
510 0.07
520 0.071
530 0.072
540 0.073
550 0.07
560 0.066
570 0.068
580 0.072
590 0.075
600 0.078
610 0.079
620 0.079
630 0.08
640 0.081
650 0.076
660 0.07
670 0.056
680 0.047
690 0.037
700 0.03
710 0.025
720 0.022
730 0.02
740 0.02
750 0.02
760 0.022
780 0.027
800 0.03
820 0.036
840 0.038
860 0.04
880 0.041
900 0.043
920 0.045
940 0.046
960 0.048
980 0.05
1000 0.05
1050 0.05
1100 0.05
1150 0.047
1200 0.047
1250 0.047
1300 0.044
1350 0.042
1400 0.04
1450 0.039
1500 0.039
1600 0.039
1700 0.038
1800 0.037
1900 0.034
2000 0.033
2100 0.033
2200 0.034
2300 0.037
2400 0.04
2500 0.047
2600 0.055
2700 0.066
2800 0.088
2900 0.11
3000 0.13