320 6
330 5.5
340 3.5
350 2.3
360 1.7
370 1.38
380 1.32
390 1.1
400 0.99
410 0.95
420 0.93
430 0.9
440 0.9
450 0.88
460 0.85
470 0.85
480 0.85
490 0.86
500 0.87
510 0.88
520 0.88
530 0.87
540 0.86
550 0.85
560 0.86
570 0.87
580 0.88
590 0.89
600 0.9
610 0.89
620 0.87
630 0.86
640 0.86
650 0.86
660 0.85
670 0.83
680 0.81
690 0.78
700 0.76
710 0.74
720 0.74
730 0.74
740 0.74
750 0.75
760 0.75
780 0.78
800 0.81
820 0.84
840 0.87
860 0.9
880 0.93
900 0.96
920 0.99
940 1.02
960 1.05
980 1.08
1000 1.1
1050 1.12
1100 1.12
1150 1.1
1200 1.06
1250 0.98
1300 0.9
1350 0.8
1400 0.71
1450 0.64
1500 0.6
1600 0.54
1700 0.5
1800 0.46
1900 0.42
2000 0.38
2100 0.33
2200 0.29
2300 0.27
2400 0.26
2500 0.26
2600 0.27
2700 0.3
2800 0.38
2900 0.5
3000 0.63