340 6
350 5.3
360 3.7
370 2.2
380 3
390 2.6
400 2.3
410 2.2
420 2.1
430 2.05
440 2
450 1.95
460 1.9
470 1.9
480 1.9
490 1.9
500 1.9
510 1.9
520 1.9
530 1.9
540 1.9
550 1.9
560 1.9
570 1.9
580 1.9
590 1.9
600 1.9
610 1.9
620 1.85
630 1.8
640 1.8
650 1.75
660 1.7
670 1.65
680 1.6
690 1.5
700 1.43
710 1.37
720 1.34
730 1.31
740 1.28
750 1.26
760 1.24
780 1.21
800 1.19
820 1.18
840 1.18
860 1.18
880 1.2
900 1.21
920 1.24
940 1.27
960 1.27
980 1.28
1000 1.29
1050 1.28
1100 1.25
1150 1.21
1200 1.15
1250 1.08
1300 0.98
1350 0.91
1400 0.83
1450 0.76
1500 0.72
1600 0.66
1700 0.62
1800 0.58
1900 0.54
2000 0.51
2100 0.47
2200 0.43
2300 0.37
2400 0.32
2500 0.31
2600 0.31
2700 0.34
2800 0.4
2900 0.53
3000 0.76