360 6
370 5.5
380 5.3
390 4.5
400 4.1
410 3.8
420 3.4
430 3.6
440 3.3
450 3.2
460 3.2
470 3.2
480 3.2
490 3.3
500 3.4
510 3.4
520 3.4
530 3.4
540 3.3
550 3.3
560 3.4
570 3.4
580 3.5
590 3.5
600 3.5
610 3.4
620 3.4
630 3.4
640 3.3
650 3.2
660 3.1
670 2.95
680 2.73
690 2.55
700 2.35
710 2.25
720 2.1
730 2.05
740 2
750 1.95
760 1.95
780 1.85
800 1.8
820 1.8
840 1.75
860 1.75
880 1.75
900 1.75
920 1.75
940 1.75
960 1.75
980 1.75
1000 1.75
1050 1.75
1100 1.75
1150 1.6
1200 1.55
1250 1.36
1300 1.23
1350 1.13
1400 1.05
1450 0.98
1500 0.93
1600 0.87
1700 0.83
1800 0.79
1900 0.75
2000 0.68
2100 0.62
2200 0.54
2300 0.46
2400 0.43
2500 0.44
2600 0.5
2700 0.59
2800 0.67
2900 0.73
3000 0.77