330 6
340 4.6
350 2.9
360 2.1
370 1.7
380 1.6
390 1.33
400 1.21
410 1.14
420 1.11
430 1.08
440 1.08
450 1.04
460 1.01
470 0.99
480 0.98
490 0.98
500 0.97
510 0.97
520 0.97
530 0.97
540 0.95
550 0.92
560 0.91
570 0.9
580 0.89
590 0.87
600 0.85
610 0.84
620 0.83
630 0.81
640 0.8
650 0.79
660 0.78
670 0.77
680 0.75
690 0.74
700 0.73
710 0.74
720 0.74
730 0.74
740 0.74
750 0.74
760 0.73
780 0.73
800 0.74
820 0.75
840 0.75
860 0.76
880 0.77
900 0.79
920 0.8
940 0.81
960 0.82
980 0.83
1000 0.84
1050 0.84
1100 0.83
1150 0.82
1200 0.81
1250 0.76
1300 0.74
1350 0.73
1400 0.66
1450 0.6
1500 0.58
1600 0.55
1700 0.53
1800 0.52
1900 0.49
2000 0.45
2100 0.43
2200 0.4
2300 0.38
2400 0.36
2500 0.34
2600 0.34
2700 0.38
2800 0.57
2900 0.73
3000 0.77