310 6
320 3
330 1.4
340 0.7
350 0.29
360 0.165
370 0.09
380 0.077
390 0.073
400 0.08
410 0.101
420 0.14
430 0.24
440 0.29
450 0.29
460 0.28
470 0.26
480 0.24
490 0.23
500 0.23
510 0.23
520 0.23
530 0.24
540 0.24
550 0.22
560 0.21
570 0.21
580 0.23
590 0.25
600 0.25
610 0.25
620 0.25
630 0.26
640 0.26
650 0.25
660 0.22
670 0.185
680 0.13
690 0.1
700 0.08
710 0.07
720 0.067
730 0.065
740 0.062
750 0.06
760 0.055
780 0.055
800 0.08
820 0.09
840 0.095
860 0.1
880 0.103
900 0.105
920 0.11
940 0.117
960 0.12
980 0.12
1000 0.12
1050 0.123
1100 0.13
1150 0.13
1200 0.134
1250 0.12
1300 0.112
1350 0.105
1400 0.1
1450 0.098
1500 0.096
1600 0.092
1700 0.09
1800 0.09
1900 0.09
2000 0.09
2100 0.09
2200 0.087
2300 0.083
2400 0.08
2500 0.083
2600 0.095
2700 0.15
2800 0.15
2900 0.19
3000 0.22