320 6
330 3.2
340 1.7
350 0.7
360 0.41
370 0.27
380 0.2
390 0.18
400 0.2
410 0.24
420 0.38
430 0.5
440 0.54
450 0.55
460 0.54
470 0.51
480 0.48
490 0.47
500 0.46
510 0.46
520 0.46
530 0.46
540 0.45
550 0.44
560 0.43
570 0.4
580 0.4
590 0.42
600 0.46
610 0.48
620 0.49
630 0.52
640 0.52
650 0.48
660 0.41
670 0.32
680 0.24
690 0.18
700 0.144
710 0.12
720 0.107
730 0.1
740 0.099
750 0.097
760 0.097
780 0.106
800 0.133
820 0.15
840 0.165
860 0.17
880 0.18
900 0.19
920 0.2
940 0.21
960 0.21
980 0.22
1000 0.22
1050 0.22
1100 0.22
1150 0.22
1200 0.22
1250 0.21
1300 0.2
1350 0.19
1400 0.18
1450 0.18
1500 0.17
1600 0.17
1700 0.17
1800 0.16
1900 0.16
2000 0.16
2100 0.16
2200 0.15
2300 0.15
2400 0.15
2500 0.16
2600 0.17
2700 0.18
2800 0.21
2900 0.25
3000 0.28