300 6
310 2.9
320 1.43
330 0.7
340 0.37
350 0.21
360 0.129
370 0.104
380 0.127
390 0.074
400 0.052
410 0.066
420 0.071
430 0.065
440 0.066
450 0.061
460 0.055
470 0.054
480 0.053
490 0.053
500 0.053
510 0.052
520 0.051
530 0.051
540 0.05
550 0.05
560 0.051
570 0.052
580 0.053
590 0.054
600 0.055
610 0.055
620 0.058
630 0.057
640 0.059
650 0.06
660 0.06
670 0.061
680 0.062
690 0.063
700 0.064
710 0.065
720 0.068
730 0.07
740 0.074
750 0.078
760 0.081
780 0.089
800 0.103
820 0.105
840 0.118
860 0.123
880 0.13
900 0.136
920 0.141
940 0.147
960 0.155
980 0.16
1000 0.16
1050 0.17
1100 0.175
1150 0.175
1200 0.17
1250 0.15
1300 0.13
1350 0.12
1400 0.104
1450 0.093
1500 0.07
1600 0.07
1700 0.06
1800 0.052
1900 0.05
2000 0.045
2100 0.04
2200 0.04
2300 0.043
2400 0.052
2500 0.065
2600 0.085
2700 0.12
2800 0.18
2900 0.24
3000 0.3