300 6
310 4.2
320 2.2
330 1.13
340 0.62
350 0.37
360 0.24
370 0.2
380 0.22
390 0.143
400 0.123
410 0.127
420 0.127
430 0.123
440 0.125
450 0.116
460 0.112
470 0.109
480 0.109
490 0.111
500 0.111
510 0.111
520 0.108
530 0.107
540 0.107
550 0.106
560 0.107
570 0.109
580 0.113
590 0.117
600 0.118
610 0.117
620 0.115
630 0.116
640 0.117
650 0.118
660 0.118
670 0.117
680 0.116
690 0.113
700 0.112
710 0.112
720 0.114
730 0.116
740 0.12
750 0.124
760 0.129
780 0.139
800 0.15
820 0.16
840 0.17
860 0.18
880 0.19
900 0.2
920 0.21
940 0.22
960 0.23
980 0.23
1000 0.24
1050 0.25
1100 0.25
1150 0.25
1200 0.24
1250 0.22
1300 0.2
1350 0.18
1400 0.16
1450 0.14
1500 0.14
1600 0.12
1700 0.11
1800 0.1
1900 0.092
2000 0.084
2100 0.08
2200 0.075
2300 0.075
2400 0.076
2500 0.08
2600 0.09
2700 0.13
2800 0.2
2900 0.33
3000 0.49