310 6
320 4.2
330 1.9
340 1.15
350 0.75
360 0.54
370 0.43
380 0.44
390 0.33
400 0.29
410 0.29
420 0.29
430 0.28
440 0.28
450 0.27
460 0.26
470 0.26
480 0.26
490 0.26
500 0.27
510 0.27
520 0.27
530 0.26
540 0.26
550 0.26
560 0.26
570 0.27
580 0.27
590 0.27
600 0.28
610 0.27
620 0.27
630 0.27
640 0.27
650 0.27
660 0.27
670 0.27
680 0.26
690 0.26
700 0.25
710 0.25
720 0.25
730 0.25
740 0.26
750 0.27
760 0.27
780 0.29
800 0.31
820 0.33
840 0.35
860 0.37
880 0.39
900 0.41
920 0.42
940 0.44
960 0.46
980 0.47
1000 0.49
1050 0.52
1100 0.54
1150 0.54
1200 0.51
1250 0.48
1300 0.44
1350 0.39
1400 0.36
1450 0.33
1500 0.31
1600 0.28
1700 0.26
1800 0.23
1900 0.21
2000 0.2
2100 0.19
2200 0.17
2300 0.16
2400 0.15
2500 0.15
2600 0.19
2700 0.22
2800 0.28
2900 0.41
3000 0.62