310 6
320 5.7
330 4.2
340 2.3
350 1.55
360 1.12
370 0.91
380 0.89
390 0.7
400 0.62
410 0.61
420 0.6
430 0.58
440 0.58
450 0.56
460 0.54
470 0.54
480 0.54
490 0.55
500 0.56
510 0.56
520 0.56
530 0.55
540 0.55
550 0.55
560 0.55
570 0.56
580 0.56
590 0.57
600 0.57
610 0.56
620 0.56
630 0.55
640 0.55
650 0.55
660 0.54
670 0.53
680 0.5
690 0.48
700 0.46
710 0.45
720 0.44
730 0.44
740 0.44
750 0.44
760 0.45
780 0.45
800 0.47
820 0.49
840 0.51
860 0.53
880 0.55
900 0.57
920 0.59
940 0.61
960 0.63
980 0.64
1000 0.66
1050 0.67
1100 0.68
1150 0.67
1200 0.63
1250 0.57
1300 0.51
1350 0.45
1400 0.41
1450 0.39
1500 0.36
1600 0.33
1700 0.3
1800 0.28
1900 0.25
2000 0.23
2100 0.21
2200 0.19
2300 0.17
2400 0.16
2500 0.17
2600 0.19
2700 0.23
2800 0.3
2900 0.44
3000 0.61