290 6
300 3.5
310 2.2
320 1.8
330 1.55
340 1.33
350 1.24
360 1.18
370 1.16
380 1.15
390 1.15
400 1.16
410 1.17
420 1.16
430 1.12
440 1.03
450 0.94
460 0.83
470 0.73
480 0.64
490 0.55
500 0.48
510 0.41
520 0.36
530 0.31
540 0.26
550 0.23
560 0.2
570 0.17
580 0.15
590 0.13
600 0.12
610 0.11
620 0.1
630 0.09
640 0.085
650 0.08
660 0.075
670 0.072
680 0.07
690 0.068
700 0.066
710 0.064
720 0.062
730 0.062
740 0.06
750 0.059
760 0.058
780 0.057
800 0.057
820 0.057
840 0.059
860 0.06
880 0.06
900 0.06
920 0.06
940 0.06
960 0.06
980 0.06
1000 0.06
1050 0.06
1100 0.06
1150 0.058
1200 0.056
1250 0.054
1300 0.052
1350 0.049
1400 0.046
1450 0.042
1500 0.038
1600 0.035
1700 0.032
1800 0.03
1900 0.03
2000 0.03
2100 0.03
2200 0.03
2300 0.03
2400 0.03
2500 0.032
2600 0.035
2700 0.045
2800 0.07
2900 0.12
3000 0.15