270 6
280 4.5
290 2.1
300 1.08
310 0.64
320 0.48
330 0.41
340 0.37
350 0.34
360 0.32
370 0.3
380 0.29
390 0.29
400 0.29
410 0.3
420 0.3
430 0.29
440 0.27
450 0.24
460 0.2
470 0.18
480 0.16
490 0.13
500 0.11
510 0.092
520 0.075
530 0.062
540 0.05
550 0.04
560 0.035
570 0.03
580 0.025
590 0.022
600 0.022
610 0.02
620 0.019
630 0.019
640 0.018
650 0.018
660 0.018
670 0.019
680 0.019
690 0.019
700 0.02
710 0.02
720 0.021
730 0.021
740 0.022
750 0.022
760 0.023
780 0.025
800 0.027
820 0.028
840 0.029
860 0.03
880 0.03
900 0.03
920 0.03
940 0.03
960 0.03
980 0.03
1000 0.03
1050 0.03
1100 0.03
1150 0.029
1200 0.029
1250 0.028
1300 0.028
1350 0.027
1400 0.026
1450 0.024
1500 0.022
1600 0.019
1700 0.018
1800 0.019
1900 0.02
2000 0.02
2100 0.02
2200 0.02
2300 0.02
2400 0.022
2500 0.025
2600 0.03
2700 0.04
2800 0.07
2900 0.12
3000 0.15