220 0.33
230 0.13
240 0.077
250 0.055
260 0.035
270 0.021
280 0.01
290 0.006
300 0.003
310 0.002
320 1E-3
330 1E-3
340 1E-3
350 1E-3
360 0.002
370 0.003
380 0.004
390 0.007
400 0.011
410 0.018
420 0.032
430 0.05
440 0.085
450 0.14
460 0.22
470 0.33
480 0.42
490 0.5
500 0.61
510 0.74
520 0.88
530 0.96
540 0.99
550 0.99
560 1.11
570 1.31
580 1.44
590 1.37
600 1.3
610 1.25
620 1.22
630 1.08
640 0.9
650 0.67
660 0.45
670 0.23
680 0.12
690 0.061
700 0.033
710 0.021
720 0.015
730 0.012
740 0.012
750 0.013
760 0.014
780 0.016
800 0.019
820 0.023
840 0.028
860 0.033
880 0.039
900 0.045
920 0.05
940 0.054
960 0.058
980 0.06
1000 0.062
1050 0.062
1100 0.063
1150 0.068
1200 0.074
1250 0.08
1300 0.09
1350 0.11
1400 0.12
1450 0.13
1500 0.13
1600 0.13
1700 0.12
1800 0.11
1900 0.11
2000 0.11
2100 0.12
2200 0.13
2300 0.14
2400 0.15
2500 0.16
2600 0.21
2700 0.32
2800 0.57
2900 1.02
3000 1.55