290 6
300 4.5
310 2.5
320 1.5
330 0.8
340 0.43
350 0.24
360 0.14
370 0.094
380 0.073
390 0.075
400 0.11
410 0.2
420 0.38
430 0.57
440 0.81
450 1.12
460 1.38
470 1.57
480 1.74
490 1.88
500 1.96
510 2
520 1.98
530 1.94
540 1.88
550 1.78
560 1.69
570 1.54
580 1.44
590 1.31
600 1.22
610 1.13
620 1.06
630 0.98
640 0.92
650 0.87
660 0.83
670 0.78
680 0.73
690 0.68
700 0.64
710 0.6
720 0.55
730 0.51
740 0.48
750 0.44
760 0.4
780 0.32
800 0.25
820 0.2
840 0.15
860 0.12
880 0.087
900 0.065
920 0.048
940 0.035
960 0.026
980 0.019
1000 0.015
1050 0.004
1100 0.003
1150 0.002
1200 0.002
1250 1E-3
1300 1E-3
1350 1E-3
1400 1E-3
1450 1E-3
1500 0.002
1600 0.002
1700 0.003
1800 0.003
1900 0.004
2000 0.004
2100 0.005
2200 0.006
2300 0.008
2400 0.01
2500 0.013
2600 0.017
2700 0.022
2800 0.036
2900 0.068
3000 0.096