250 6
260 4
270 2.3
280 1.65
290 1.01
300 0.61
310 0.37
320 0.27
330 0.16
340 0.095
350 0.051
360 0.026
370 0.017
380 0.01
390 0.007
400 0.005
410 0.005
420 0.006
430 0.008
440 0.01
450 0.014
460 0.021
470 0.028
480 0.035
490 0.041
500 0.046
510 0.05
520 0.053
530 0.055
540 0.057
550 0.063
560 0.068
570 0.07
580 0.068
590 0.063
600 0.061
610 0.058
620 0.052
630 0.045
640 0.038
650 0.031
660 0.025
670 0.019
680 0.013
690 0.008
700 0.004
710 0.003
720 0.002
730 1E-3
740 1E-3
750 1E-3
760 1E-3
780 1E-3
800 0.002
820 0.002
840 0.003
860 0.003
880 0.004
900 0.004
920 0.005
940 0.006
960 0.006
980 0.007
1000 0.008
1050 0.009
1100 0.009
1150 0.009
1200 0.01
1250 0.011
1300 0.012
1350 0.013
1400 0.013
1450 0.012
1500 0.012
1600 0.011
1700 0.011
1800 0.011
1900 0.011
2000 0.011
2100 0.012
2200 0.014
2300 0.017
2400 0.021
2500 0.026
2600 0.034
2700 0.044
2800 0.12
2900 0.33
3000 0.68