250 6
260 5
270 3.4
280 2.4
290 1.65
300 1.15
310 0.73
320 0.49
330 0.31
340 0.2
350 0.13
360 0.091
370 0.067
380 0.051
390 0.042
400 0.04
410 0.042
420 0.054
430 0.077
440 0.101
450 0.16
460 0.23
470 0.31
480 0.38
490 0.47
500 0.53
510 0.56
520 0.57
530 0.59
540 0.63
550 0.7
560 0.76
570 0.78
580 0.74
590 0.69
600 0.66
610 0.63
620 0.56
630 0.49
640 0.43
650 0.36
660 0.28
670 0.2
680 0.13
690 0.08
700 0.046
710 0.035
720 0.025
730 0.021
740 0.021
750 0.021
760 0.026
780 0.029
800 0.035
820 0.04
840 0.044
860 0.049
880 0.053
900 0.056
920 0.059
940 0.063
960 0.067
980 0.073
1000 0.08
1050 0.09
1100 0.098
1150 0.106
1200 0.114
1250 0.12
1300 0.13
1350 0.13
1400 0.13
1450 0.12
1500 0.12
1600 0.11
1700 0.11
1800 0.1
1900 0.095
2000 0.09
2100 0.09
2200 0.085
2300 0.085
2400 0.085
2500 0.085
2600 0.085
2700 0.09
2800 0.16
2900 0.4
3000 0.83