290 6
300 5.5
310 2.85
320 1.45
330 0.6
340 0.25
350 0.128
360 0.071
370 0.04
380 0.025
390 0.016
400 0.013
410 0.015
420 0.02
430 0.025
440 0.031
450 0.036
460 0.041
470 0.045
480 0.047
490 0.049
500 0.049
510 0.049
520 0.049
530 0.048
540 0.046
550 0.043
560 0.041
570 0.038
580 0.033
590 0.029
600 0.027
610 0.025
620 0.023
630 0.022
640 0.02
650 0.018
660 0.017
670 0.016
680 0.014
690 0.013
700 0.012
710 0.011
720 0.01
730 0.009
740 0.008
750 0.008
760 0.007
780 0.006
800 0.004
820 0.003
840 0.002
860 0.002
880 1E-3
900 1E-3
920 1E-3
940 1E-3
960 1E-3
980 1E-3
1000 1E-3
1050 1E-3
1100 1E-3
1150 1E-3
1200 1E-3
1250 1E-3
1300 1E-3
1350 1E-3
1400 1E-3
1450 1E-3
1500 1E-3
1600 1E-3
1700 1E-3
1800 1E-3
1900 0.002
2000 0.002
2100 0.003
2200 0.004
2300 0.005
2400 0.006
2500 0.013
2600 0.04
2700 0.09
2800 0.15
2900 0.17
3000 0.16