250 6
260 2.5
270 1.61
280 1
290 0.59
300 0.35
310 0.22
320 0.14
330 0.108
340 0.052
350 0.25
355 0.225
360 0.23
365 0.07
370 0.006
380 0.004
390 0.003
400 0.005
410 0.002
420 0.005
430 0.042
440 0.014
450 0.013
460 0.026
470 0.037
475 0.044
480 0.037
485 0.018
490 0.009
500 0.025
510 0.073
520 0.075
528 0.179
530 0.175
540 0.042
545 0.016
550 0.009
555 0.01
560 0.012
565 0.023
570 0.505
573 0.7
575 0.625
580 0.475
585 0.845
586 0.845
590 0.567
600 0.165
610 0.068
620 0.006
630 0.009
640 0.003
650 0.002
660 0.002
670 0.01
680 0.025
690 0.016
700 0.004
710 0.003
720 0.009
730 0.072
735 0.18
740 0.34
745 0.37
750 0.26
755 0.145
760 0.09
770 0.032
780 0.044
790 0.149
900 0.03
920 0.007
940 0.002
960 0.002
980 1E-3
1000 0.002
1050 0.002
1100 0.002
1150 1E-3
1200 0.003
1250 0.004
1300 0.003
1350 0.004
1400 0.007
1450 0.009
1500 0.013
1550 0.015
1600 0.015
1650 0.012
1700 0.008
1750 0.006
1800 0.007
1850 0.008
1900 0.011
1950 0.01