280 6
290 4
300 2.55
310 1.75
320 1.3
330 1
340 0.8
350 0.72
360 0.7
370 0.69
380 0.68
390 0.67
400 0.66
410 0.64
420 0.63
430 0.63
440 0.63
450 0.62
460 0.63
470 0.66
480 0.7
490 0.8
500 0.96
510 1.2
520 1.47
530 1.62
540 1.48
550 1.18
560 0.84
570 0.6
580 0.44
590 0.32
600 0.25
610 0.19
620 0.16
630 0.13
640 0.11
650 0.089
660 0.077
670 0.066
680 0.058
690 0.05
700 0.045
710 0.04
720 0.037
730 0.034
740 0.032
750 0.029
760 0.027
770 0.025
780 0.023
790 0.021
900 0.012
920 0.01
940 0.009
960 0.009
980 0.008
1000 0.008
1050 0.007
1100 0.006
1150 0.005
1200 0.005
1250 0.005
1300 0.004
1350 0.004
1400 0.004
1450 0.003
1500 0.003
1600 0.003
1700 0.002
1800 0.002
1900 0.002