280 6
290 4
300 2
310 1.01
320 0.48
330 0.21
340 0.1
350 0.04
360 0.025
370 0.018
380 0.014
390 0.01
400 0.009
410 0.01
420 0.012
430 0.014
440 0.017
450 0.02
460 0.026
470 0.033
480 0.045
490 0.062
500 0.079
510 0.1
520 0.124
530 0.145
540 0.15
550 0.138
560 0.135
570 0.16
580 0.2
590 0.25
600 0.27
610 0.27
620 0.28
630 0.29
640 0.3
650 0.32
660 0.31
670 0.28
680 0.25
690 0.22
700 0.2
710 0.19
720 0.19
730 0.2
740 0.2
750 0.21
760 0.21
780 0.21
800 0.21
820 0.21
840 0.2
860 0.2
880 0.19
900 0.19
920 0.18
940 0.17
960 0.16
980 0.15
1000 0.145
1050 0.128
1100 0.116
1150 0.109
1200 0.1
1250 0.09
1300 0.08
1350 0.075
1400 0.07
1450 0.065
1500 0.06
1600 0.055
1700 0.05
1800 0.045
1900 0.04
2000 0.035
2100 0.03
2200 0.03
2300 0.027
2400 0.025
2500 0.027
2600 0.03
2700 0.047
2800 0.11
2900 0.21
3000 0.19