290 6
300 2.8
310 1.4
320 0.6
330 0.35
340 0.26
350 0.2
360 0.15
370 0.12
380 0.115
390 0.13
400 0.15
410 0.17
420 0.21
430 0.24
440 0.29
450 0.33
460 0.4
470 0.48
480 0.58
490 0.74
500 0.85
510 1.07
520 1.23
530 1.4
540 1.38
550 1.23
560 1.14
570 1.33
580 1.8
590 2
600 2.05
610 2
620 1.95
630 2
640 2.05
650 2
660 1.8
670 1.55
680 1.16
690 0.77
700 0.58
710 0.48
720 0.4
730 0.36
740 0.33
750 0.31
760 0.31
780 0.31
800 0.32
820 0.33
840 0.33
860 0.33
880 0.32
900 0.31
920 0.3
940 0.29
960 0.28
980 0.27
1000 0.27
1050 0.29
1100 0.33
1150 0.36
1200 0.41
1250 0.43
1300 0.43
1350 0.41
1400 0.41
1450 0.42
1500 0.44
1600 0.42
1700 0.41
1800 0.39
1900 0.33
2000 0.26
2100 0.21
2200 0.18
2300 0.15
2400 0.13
2500 0.12
2600 0.12
2700 0.16
2800 0.21
2900 0.32
3000 0.3