260 6
270 4.2
280 2.7
290 1.53
300 0.79
310 0.38
320 0.17
330 0.073
340 0.031
350 0.013
360 0.005
370 0.003
380 0.004
390 0.002
400 0.002
410 0.002
420 0.002
430 0.003
440 0.004
450 0.005
460 0.006
470 0.009
480 0.013
490 0.02
500 0.028
510 0.042
520 0.056
530 0.059
540 0.057
550 0.052
560 0.045
570 0.049
580 0.063
590 0.083
600 0.087
610 0.083
620 0.08
630 0.082
640 0.086
650 0.086
660 0.078
670 0.061
680 0.041
690 0.023
700 0.012
710 0.007
720 0.005
730 0.004
740 0.004
750 0.004
760 0.004
780 0.004
800 0.004
820 0.004
840 0.004
860 0.004
880 0.004
900 0.004
920 0.004
940 0.004
960 0.004
980 0.004
1000 0.004
1050 0.005
1100 0.007
1150 0.01
1200 0.013
1250 0.015
1300 0.016
1350 0.016
1400 0.015
1450 0.016
1500 0.017
1600 0.015
1700 0.014
1800 0.016
1900 0.012
2000 0.009
2100 0.008
2200 0.008
2300 0.01
2400 0.012
2500 0.014
2600 0.019
2700 0.03
2800 0.09
2900 0.16
3000 0.16