290 6
300 5.5
310 2.75
320 1.65
330 0.92
340 0.5
350 0.27
360 0.142
370 0.084
380 0.067
390 0.057
400 0.063
410 0.08
420 0.128
430 0.18
440 0.23
450 0.27
460 0.32
470 0.39
480 0.5
490 0.65
500 0.79
510 0.98
520 1.19
530 1.37
540 1.39
550 1.22
560 1.14
570 1.34
580 1.7
590 2.05
600 2.05
610 1.95
620 1.95
630 2
640 2.1
650 2.05
660 1.85
670 1.55
680 1.08
690 0.75
700 0.58
710 0.5
720 0.48
730 0.48
740 0.51
750 0.54
760 0.56
780 0.62
800 0.69
820 0.73
840 0.79
860 0.83
880 0.87
900 0.91
920 0.93
940 0.96
960 0.97
980 0.99
1000 1
1050 1.02
1100 1.06
1150 1.1
1200 1.11
1250 1.09
1300 1.05
1350 0.98
1400 0.91
1450 0.88
1500 0.85
1600 0.71
1700 0.65
1800 0.6
1900 0.55
2000 0.49
2100 0.49
2200 0.38
2300 0.32
2400 0.29
2500 0.26
2600 0.25
2700 0.31
2800 0.41
2900 0.48
3000 0.46