290 6
300 3.5
310 1.9
320 0.93
330 0.48
340 0.26
350 0.16
360 0.103
370 0.075
380 0.06
390 0.049
400 0.046
410 0.048
420 0.052
430 0.064
440 0.079
450 0.103
460 0.14
470 0.22
480 0.35
490 0.55
500 6.75
510 1.06
520 1.31
530 1.8
540 2
550 1.9
560 1.7
570 1.8
580 2.4
590 3
600 3.1
610 2.95
620 2.9
630 2.95
640 3.3
650 3.3
660 2.9
670 2.4
680 1.75
690 1.29
700 1.04
710 0.93
720 0.92
730 0.91
740 0.91
750 0.93
760 0.95
780 0.97
800 0.97
820 0.97
840 0.97
860 0.94
880 0.91
900 0.86
920 0.84
940 0.8
960 0.77
980 0.73
1000 0.69
1050 0.64
1100 0.6
1150 0.64
1200 0.72
1250 0.8
1300 0.86
1350 0.86
1400 0.8
1450 0.75
1500 0.77
1600 0.75
1700 0.63
1800 0.63
1900 0.56
2000 0.43
2100 0.32
2200 0.24
2300 0.18
2400 0.14
2500 0.12
2600 0.12
2700 0.12
2800 0.14
2900 0.2
3000 0.23