260 6
270 4.5
280 2.6
290 1.45
300 0.67
310 0.32
320 0.144
330 0.056
340 0.022
350 0.008
360 0.003
370 0.003
380 0.004
390 0.005
400 0.006
410 0.008
420 0.01
430 0.014
440 0.018
450 0.025
460 0.033
470 0.05
480 0.075
490 0.106
500 0.14
510 0.19
520 0.22
530 0.26
540 0.26
550 0.22
560 0.2
570 0.23
580 0.31
590 0.39
600 0.38
610 0.36
620 0.35
630 0.36
640 0.37
650 0.37
660 0.32
670 0.25
680 0.17
690 0.085
700 0.041
710 0.021
720 0.01
730 0.005
740 0.004
750 0.003
760 0.002
780 1E-3
800 1E-3
820 1E-3
840 1E-3
860 1E-3
880 1E-3
900 1E-3
920 0.002
940 0.002
960 0.003
980 0.004
1000 0.005
1050 0.011
1100 0.022
1150 0.037
1200 0.052
1250 0.065
1300 0.072
1350 0.07
1400 0.068
1450 0.072
1500 0.077
1600 0.072
1700 0.073
1800 0.07
1900 0.057
2000 0.042
2100 0.029
2200 0.02
2300 0.011
2400 0.008
2500 0.008
2600 0.005
2700 0.03
2800 0.1
2900 0.13
3000 0.13