250 6
260 5
270 3.5
280 1.8
290 1.03
300 0.55
310 0.25
320 0.108
330 0.062
340 0.032
350 0.015
360 0.008
370 0.008
380 0.01
390 0.013
400 0.017
410 0.025
420 0.047
430 0.07
440 0.1
450 0.14
460 0.2
470 0.31
480 0.48
490 0.69
500 0.86
510 1.14
520 1.43
530 1.64
540 1.62
550 1.38
560 1.28
570 1.55
580 2
590 2.45
600 2.45
610 2.3
620 2.25
630 2.3
640 2.4
650 2.3
660 2
670 1.55
680 0.97
690 0.49
700 0.24
710 0.104
720 0.057
730 0.025
740 0.013
750 0.007
760 0.005
780 0.005
800 0.005
820 0.007
840 0.008
860 0.009
880 0.011
900 0.013
920 0.015
940 0.019
960 0.023
980 0.029
1000 0.037
1050 0.073
1100 0.14
1150 0.23
1200 0.31
1250 0.4
1300 0.44
1350 0.43
1400 0.42
1450 0.44
1500 0.47
1600 0.44
1700 0.45
1800 0.43
1900 0.35
2000 0.26
2100 0.18
2200 0.12
2300 0.07
2400 0.05
2500 0.03
2600 0.03
2700 0.05
2800 0.15
2900 0.25
3000 0.24