320 6
330 2.8
340 1.52
350 1
360 0.57
370 0.32
380 0.18
390 0.11
400 0.08
410 0.055
420 0.05
430 0.05
440 0.05
450 0.06
460 0.07
470 0.1
480 0.16
490 0.28
500 0.35
510 0.49
520 0.7
530 0.95
540 1.16
550 1.17
560 1.02
570 1.07
580 1.35
590 1.8
600 1.85
610 1.8
620 1.8
630 1.85
640 2
650 1.95
660 1.7
670 1.4
680 0.88
690 0.58
700 0.46
710 0.41
720 0.38
730 0.38
740 0.38
750 0.37
760 0.38
780 0.39
800 0.4
820 0.40
840 0.41
860 0.41
880 0.41
900 0.4
920 0.39
940 0.39
960 0.38
980 0.36
1000 0.35
1050 0.33
1100 0.32
1150 0.33
1200 0.37
1250 0.44
1300 0.49
1350 0.5
1400 0.46
1450 0.45
1500 0.48
1600 0.43
1700 0.42
1800 0.39
1900 0.27
2000 0.17
2100 0.11
2200 0.07
2300 0.05
2400 0.03
2500 0.02
2600 0.02
2700 0.03
2800 0.07
2900 0.12
3000 0.12