250 6
260 5.4
270 3.3
280 2.15
290 1.21
300 0.65
310 0.31
320 0.138
330 0.06
340 0.025
350 0.01
360 0.004
370 0.002
380 0.003
390 0.002
400 0.002
410 0.003
420 0.004
430 0.005
440 0.007
450 0.01
460 0.013
470 0.02
480 0.031
490 0.046
500 0.066
510 0.08
520 0.102
530 0.124
540 0.133
550 0.121
560 0.105
570 0.115
580 0.15
590 0.2
600 0.2
610 0.19
620 0.185
630 0.19
640 0.2
650 0.2
660 0.18
670 0.14
680 0.088
690 0.046
700 0.022
710 0.01
720 0.004
730 0.002
740 1E-3
750 1E-3
760 1E-3
780 1E-3
800 1E-3
820 0.002
840 0.002
860 0.002
880 0.002
900 0.002
920 0.003
940 0.003
960 0.003
980 0.003
1000 0.004
1050 0.006
1100 0.011
1150 0.018
1200 0.025
1250 0.03
1300 0.035
1350 0.035
1400 0.034
1450 0.036
1500 0.035
1600 0.035
1700 0.034
1800 0.033
1900 0.026
2000 0.018
2100 0.016
2200 0.015
2300 0.015
2400 0.015
2500 0.016
2600 0.02
2700 0.035
2800 0.08
2900 0.12
3000 0.13