300 6
310 4.5
320 2.4
330 1.5
340 0.68
350 0.38
360 0.18
370 0.12
380 0.09
390 0.08
400 0.07
410 0.07
420 0.07
430 0.08
440 0.09
450 0.11
460 0.135
470 0.17
480 0.24
490 0.33
500 0.4
510 0.52
520 0.65
530 0.74
540 0.77
550 0.71
560 0.72
570 0.85
580 1.08
590 1.36
600 1.38
610 1.41
620 1.48
630 1.55
640 1.6
650 1.65
660 1.65
670 1.5
680 1.32
690 1.19
700 1.13
710 1.11
720 1.11
730 1.11
740 1.11
750 1.1
760 1.1
780 1.12
800 1.1
820 1.1
840 1.04
860 1.01
880 0.98
900 0.94
920 0.89
940 0.83
960 0.78
980 0.72
1000 0.66
1050 0.59
1100 0.55
1150 0.5
1200 0.48
1250 0.43
1300 0.4
1350 0.34
1400 0.3
1450 0.28
1500 0.27
1600 0.23
1700 0.21
1800 0.2
1900 0.17
2000 0.13
2100 0.1
2200 0.076
2300 0.06
2400 0.05
2500 0.04
2600 0.04
2700 0.05
2800 0.09
2900 0.14
3000 0.14