260 6
270 5.5
280 2.7
290 1.5
300 0.9
310 0.4
320 0.21
330 0.099
340 0.044
350 0.02
360 0.01
370 0.006
380 0.008
390 0.006
400 0.011
410 0.021
420 0.035
430 0.047
440 0.057
450 0.058
460 0.059
470 0.06
480 0.063
490 0.069
500 0.077
510 0.087
520 0.098
530 0.108
540 0.107
550 0.094
560 0.09
570 0.102
580 0.124
590 0.145
600 0.146
610 0.142
620 0.14
630 0.145
640 0.15
650 0.15
660 0.14
670 0.113
680 0.088
690 0.059
700 0.046
710 0.042
720 0.04
730 0.039
740 0.039
750 0.039
760 0.039
780 0.041
800 0.041
820 0.041
840 0.041
860 0.041
880 0.041
900 0.039
920 0.038
940 0.036
960 0.035
980 0.031
1000 0.033
1050 0.031
1100 0.032
1150 0.034
1200 0.036
1250 0.04
1300 0.041
1350 0.04
1400 0.039
1450 0.04
1500 0.041
1600 0.04
1700 0.039
1800 0.036
1900 0.033
2000 0.03
2100 0.028
2200 0.025
2300 0.022
2400 0.02
2500 0.02
2600 0.026
2700 0.045
2800 0.11
2900 0.15
3000 0.16