260 6
270 4.5
280 2.9
290 2
300 1.26
310 0.72
320 0.36
330 0.21
340 0.11
350 0.055
360 0.024
370 0.012
380 0.009
390 0.005
400 0.004
410 0.004
420 0.004
430 0.003
440 0.003
450 0.003
460 0.003
470 0.003
480 0.003
490 0.004
500 0.005
510 0.006
520 0.007
530 0.008
540 0.010
550 0.013
560 0.015
570 0.019
580 0.022
590 0.027
600 0.032
610 0.037
620 0.042
630 0.049
640 0.055
650 0.062
660 0.068
670 0.076
680 0.085
690 0.094
700 0.1
710 0.11
720 0.118
730 0.126
740 0.136
750 0.142
760 0.151
780 0.165
800 0.18
820 0.19
840 0.21
860 0.22
880 0.23
900 0.23
920 0.24
940 0.25
960 0.25
980 0.25
1000 0.25
1050 0.25
1100 0.25
1150 0.24
1200 0.235
1250 0.23
1300 0.22
1350 0.21
1400 0.19
1450 0.18
1500 0.16
1600 0.12
1700 0.1
1800 0.1
1900 0.1
2000 0.1
2100 0.1
2200 0.095
2300 0.09
2400 0.085
2500 0.08
2600 0.08
2700 0.1
2800 0.17
2900 0.25
3000 0.26