280 6
290 3.7
300 2.2
310 1.03
320 0.47
330 0.21
340 0.096
350 0.047
360 0.026
370 0.018
380 0.016
390 0.011
400 0.01
410 0.01
420 0.01
430 0.01
440 0.01
450 0.01
460 0.01
470 0.009
480 0.008
490 0.009
500 0.01
510 0.011
520 0.014
530 0.018
540 0.023
550 0.029
560 0.037
570 0.046
580 0.055
590 0.066
600 0.077
610 0.089
620 0.101
630 0.113
640 0.125
650 0.136
660 0.147
670 0.158
680 0.168
690 0.177
700 0.186
710 0.19
720 0.2
730 0.2
740 0.2
750 0.2
760 0.21
780 0.21
800 0.21
820 0.2
810 0.19
860 0.18
880 0.175
900 0.17
920 0.16
940 0.15
960 0.14
980 0.13
1000 0.12
1050 0.1
1100 0.085
1150 0.073
1200 0.063
1250 0.053
1300 0.044
1350 0.036
1400 0.029
1450 0.025
1500 0.02
1600 0.016
1700 0.013
1800 0.011
1900 0.011
2000 0.012
2100 0.014
2200 0.016
2300 0.018
2400 0.02
2500 0.024
2600 0.036
2700 0.037
2800 0.1
2900 0.26
3000 0.28