290 6
300 3.8
310 2.2
320 1.37
330 0.76
340 0.39
350 0.24
360 0.145
370 0.101
380 0.086
390 0.067
400 0.057
410 0.052
420 0.05
430 0.048
440 0.045
450 0.042
460 0.039
470 0.036
480 0.033
490 0.032
500 0.031
510 0.032
520 0.033
530 0.034
540 0.036
550 0.039
560 0.043
570 0.047
580 0.052
590 0.06
600 0.065
610 0.074
620 0.083
630 0.097
640 0.109
650 0.123
660 0.138
670 0.155
680 0.17
690 0.19
700 0.21
710 0.23
720 0.25
730 0.26
740 0.28
750 0.3
760 0.32
780 0.36
800 0.39
820 0.43
840 0.47
860 0.5
880 0.52
900 0.54
920 0.56
940 0.58
960 0.6
980 0.6
1000 0.61
1050 0.62
1100 0.62
1150 0.6
1200 0.56
1250 0.52
1300 0.48
1350 0.43
1400 0.38
1450 0.34
1500 0.3
1600 0.25
1700 0.24
1800 0.23
1900 0.22
2000 0.21
2100 0.2
2200 0.19
2300 0.18
2400 0.16
2500 0.15
2600 0.15
2700 0.19
2800 0.3
2900 0.4
3000 0.33