300 6
310 2.89
320 1.34
330 0.57
340 0.23
350 0.093
360 0.038
370 0.016
380 0.007
390 0.004
400 0.003
410 0.002
420 1E-3
430 1E-3
440 1E-3
450 1E-3
460 1E-3
470 1E-3
480 1E-3
490 0.002
500 0.003
510 0.005
520 0.008
530 0.015
540 0.023
550 0.036
560 0.056
570 0.081
580 0.117
590 0.165
600 0.21
610 0.28
620 0.34
630 0.44
640 0.54
650 0.62
660 0.76
670 0.9
680 1.02
690 1.19
700 1.32
710 1.48
720 1.65
730 1.75
740 1.9
750 2.1
760 2.2
780 2.45
800 2.65
820 2.75
840 2.9
860 2.95
880 3
900 2.95
920 2.9
940 2.75
960 2.7
980 2.55
1000 2.5
1050 2.2
1100 1.9
1150 1.65
1200 1.4
1250 1.25
1300 1.11
1350 0.93
1400 0.77
1450 0.59
1500 0.48
1600 0.33
1700 0.22
1800 0.14
1900 0.09
2000 0.08
2100 0.08
2200 0.08
2300 0.08
2400 0.08
2500 0.09
2600 0.12
2700 0.16
2800 0.35
2900 1.15
3000 2.1