280 6
290 5.5
300 2
310 0.93
320 0.4
330 0.17
340 0.072
350 0.031
360 0.015
370 0.008
380 0.004
390 0.004
400 0.003
410 0.003
420 0.002
430 0.002
440 0.002
450 0.002
460 1E-3
470 1E-3
480 1E-3
490 1E-3
500 1E-3
510 0.002
520 0.003
530 0.005
540 0.008
550 0.013
560 0.019
570 0.028
580 0.038
590 0.054
600 0.07
610 0.095
620 0.12
630 0.15
640 0.185
650 0.22
660 0.27
670 0.31
680 0.36
690 0.42
700 0.47
710 0.53
720 0.58
730 0.64
740 0.7
750 0.75
760 0.8
780 0.9
800 0.98
820 1.04
840 1.08
860 1.11
880 1.13
900 1.13
920 1.11
940 1.07
960 1.03
980 0.97
1000 0.93
1050 0.82
1100 0.72
1150 0.63
1200 0.55
1250 0.47
1300 0.42
1350 0.36
1400 0.3
1450 0.23
1500 0.19
1600 0.15
1700 0.11
1800 0.09
1900 0.074
2000 0.067
2100 0.065
2200 0.068
2300 0.073
2400 0.083
2500 0.1
2600 0.12
2700 0.15
2800 0.22
2900 0.45
3000 1.2