240 6
250 4.2
260 1.84
270 0.77
280 0.4
290 0.24
300 0.14
310 0.077
320 0.041
330 0.022
340 0.014
350 0.009
360 0.006
370 0.004
380 0.004
390 0.006
400 0.009
410 0.01
420 0.011
430 0.012
440 0.011
450 0.011
460 0.012
470 0.011
480 0.009
490 0.009
500 0.009
510 0.009
520 0.01
530 0.011
540 0.01
550 0.01
560 0.011
570 0.012
580 0.013
590 0.016
600 0.019
610 0.023
620 0.028
630 0.034
640 0.04
650 0.047
660 0.054
670 0.062
680 0.072
690 0.082
700 0.094
710 0.106
720 0.116
730 0.135
740 0.145
750 0.16
760 0.18
780 0.22
800 0.25
820 0.29
840 0.34
860 0.39
880 0.44
900 0.49
920 0.54
940 0.59
960 0.65
980 0.69
1000 0.75
1050 0.84
1100 0.9
1150 0.95
1200 0.96
1250 0.97
1300 0.97
1350 0.97
1400 1.01
1450 1.01
1500 0.93
1600 0.89
1700 0.84
1800 0.7
1900 0.67
2000 0.67
2100 0.67
2200 0.69
2300 0.72
2400 0.68
2500 0.65
2600 0.58
2700 0.57
2800 0.55
2900 0.65
3000 0.77