320 6
330 2.5
340 1.1
350 0.49
360 0.21
370 0.094
380 0.046
390 0.025
400 0.017
410 0.011
420 0.009
430 0.008
440 0.007
450 0.007
460 0.007
470 0.007
480 0.007
490 0.008
500 0.011
510 0.018
520 0.028
530 0.048
540 0.076
550 0.116
560 0.18
570 0.26
580 0.37
590 0.5
600 0.67
610 0.86
620 1.09
630 1.34
640 1.65
650 2
660 2.4
670 2.8
680 3.3
690 3.6
700 4
710 4.5
720 5
730 5.4
740 5.8
750 6
760 6
780 6
800 6
820 6
840 6
860 6
880 6
900 6
920 6
940 6
960 6
980 6
1000 6.1
1050 5.5
1100 5
1150 4.3
1200 3.9
1250 3.4
1300 3
1350 2.5
1400 2.05
1450 1.7
1500 1.39
1600 0.92
1700 0.62
1800 0.44
1900 0.32
2000 0.24
2100 0.2
2200 0.17
2300 0.16
2400 0.15
2500 0.15
2600 0.16
2700 0.21
2800 0.42
2900 1.15
3000 1.9