250 6
260 3.6
270 1.55
280 0.85
290 0.52
300 0.31
310 0.18
320 0.102
330 0.058
340 0.035
350 0.023
360 0.014
370 0.011
380 0.01
390 0.012
400 0.017
410 0.019
420 0.022
430 0.021
440 0.019
450 0.019
460 0.021
470 0.018
480 0.017
490 0.016
500 0.016
510 0.017
520 0.019
530 0.02
540 0.019
550 0.018
560 0.019
570 0.021
580 0.024
590 0.029
600 0.034
610 0.041
620 0.048
630 0.06
640 0.07
650 0.082
660 0.093
670 0.11
680 0.13
690 0.15
700 0.17
710 0.19
720 0.21
730 0.24
740 0.26
750 0.29
760 0.32
780 0.29
800 0.47
820 0.54
840 0.63
860 0.73
880 0.82
900 0.91
920 1.02
940 1.11
960 1.22
980 1.3
1000 1.42
1050 1.55
1100 1.7
1150 1.8
1200 1.8
1250 1.85
1300 1.85
1350 1.85
1400 1.9
1450 1.9
1500 1.75
1600 1.7
1700 1.6
1800 1.32
1900 1.25
2000 1.25
2100 1.26
2200 1.29
2300 1.32
2400 1.23
2500 1.21
2600 1.07
2700 0.98
2800 0.9
2900 0.98
3000 1.02