240 4.4
250 3.7
260 3.2
270 2.7
280 2.35
290 1.95
300 1.55
310 1.24
320 0.96
330 0.7
340 0.49
350 0.34
360 0.22
370 0.14
380 0.087
390 0.053
400 0.033
410 0.022
420 0.016
430 0.013
440 0.015
450 0.017
460 0.018
470 0.025
480 0.036
490 0.054
500 0.077
510 0.11
520 0.147
530 0.2
540 0.24
550 0.32
560 0.41
570 0.52
580 0.61
590 0.75
600 0.97
610 1.29
620 1.46
630 1.5
640 1.52
650 1.7
660 1.85
670 1.8
680 1.75
690 1.7
700 1.3
710 0.79
720 0.4
730 0.16
740 0.068
750 0.024
760 0.009
780 0.002
800 0.002
820 0.002
840 0.003
860 0.003
880 0.004
900 0.005
920 0.006
940 0.007
960 0.008
980 0.009
1000 0.011
1050 0.016
1100 0.021
1150 0.028
1200 0.038
1250 0.055
1300 0.07
1350 0.1
1400 0.15
1450 0.2
1500 0.32
1600 0.39
1700 0.36
1800 0.36
1900 0.37
2000 0.34
2100 0.3
2200 0.25
2300 0.2
2400 0.15
2500 0.12
2600 0.15
2700 0.38
2800 0.75
2900 1.3
3000 2.1