250 6
260 3.5
270 1.73
280 0.76
290 0.36
300 0.195
310 0.1
320 0.058
330 0.04
340 0.031
350 0.025
360 0.021
370 0.02
380 0.019
390 0.019
400 0.02
410 0.02
420 0.019
430 0.019
440 0.019
450 0.02
460 0.021
470 0.018
480 0.016
490 0.016
500 0.016
510 0.016
520 0.016
530 0.016
540 0.016
550 0.014
560 0.013
570 0.013
580 0.012
590 0.013
600 0.013
610 0.013
620 0.014
630 0.016
640 0.02
650 0.022
660 0.024
670 0.027
680 0.031
690 0.037
700 0.043
710 0.051
720 0.059
730 0.068
740 0.079
750 0.089
760 0.105
780 0.135
800 0.18
820 0.23
840 0.29
860 0.36
880 0.45
900 0.52
920 0.6
940 0.69
960 0.76
980 0.84
1000 0.88
1050 0.96
1100 0.94
1150 0.89
1200 0.9
1250 0.9
1300 0.83
1350 0.77
1400 0.72
1450 0.72
1500 0.61
1600 0.57
1700 0.52
1800 0.52
1900 0.54
2000 0.61
2100 0.67
2200 0.67
2300 0.72
2400 0.72
2500 0.72
2600 0.72
2700 0.65
2800 0.63
2900 0.72
3000 0.9