310 6
320 4.2
330 2.9
340 1.7
350 1.02
360 0.77
370 0.6
380 0.48
390 0.39
400 0.35
410 0.3
420 0.22
430 0.25
440 0.22
450 0.2
460 0.18
470 0.17
480 0.16
490 0.15
500 0.15
510 0.16
520 0.18
530 0.21
540 0.26
550 0.31
560 0.38
570 0.46
580 0.55
590 0.65
600 0.76
610 0.87
620 0.98
630 1.11
640 1.25
650 1.36
660 1.46
670 1.6
680 1.7
690 1.85
700 1.85
710 1.9
720 1.95
730 2
740 2.05
750 2.05
760 2.12
780 2.12
800 2.1
820 2.05
810 1.98
860 1.9
880 1.82
900 1.75
920 1.65
940 1.55
960 1.46
980 1.38
1000 1.28
1050 1.07
1100 0.91
1150 0.78
1200 0.67
1250 0.57
1300 0.47
1350 0.39
1400 0.31
1450 0.28
1500 0.24
1600 0.19
1700 0.16
1800 0.13
1900 0.11
2000 0.094
2100 0.08
2200 0.07
2300 0.065
2400 0.06
2500 0.06
2600 0.075
2700 0.1
2800 0.14
2900 0.21
3000 0.22