290 6
300 4.3
310 2.7
320 1.52
330 0.88
340 0.046
350 0.25
360 0.14
370 0.08
380 0.05
390 0.04
400 0.035
410 0.032
420 0.03
430 0.03
440 0.03
450 0.03
460 0.03
470 0.03
480 0.03
490 0.03
500 0.03
510 0.03
520 0.032
530 0.035
540 0.04
550 0.045
560 0.05
570 0.06
580 0.07
590 0.085
600 0.095
610 0.11
620 0.125
630 0.14
640 0.16
650 0.18
660 0.2
670 0.22
680 0.24
690 0.26
700 0.28
710 0.3
720 0.32
730 0.34
740 0.37
750 0.4
760 0.42
780 0.47
800 0.52
820 0.55
840 0.58
860 0.62
880 0.64
900 0.67
920 0.69
940 0.71
960 0.72
980 0.73
1000 0.74
1050 0.74
1100 0.72
1150 0.7
1200 0.68
1250 0.65
1300 0.62
1350 0.6
1400 0.55
1450 0.5
1500 0.4
1600 0.32
1700 0.28
1800 0.27
1900 0.27
2000 0.27
2100 0.27
2200 0.26
2300 0.26
2400 0.25
2500 0.25
2600 0.25
2700 0.25
2800 0.35
2900 0.5
3000 0.5