280 6
290 5.5
300 3.3
310 1.55
320 0.75
330 0.35
340 0.17
350 0.086
360 0.049
370 0.033
380 0.026
390 0.019
400 0.015
410 0.013
420 0.011
430 0.01
440 0.01
450 0.009
460 0.009
470 0.009
480 0.01
490 0.012
500 0.017
510 0.024
520 0.034
530 0.046
540 0.062
550 0.079
560 0.1
570 0.13
580 0.16
590 0.185
600 0.21
610 0.25
620 0.28
630 0.32
640 0.35
650 0.39
660 0.42
670 0.45
680 0.48
690 0.51
700 0.53
710 0.55
720 0.57
730 0.59
740 0.6
750 0.61
760 0.61
780 0.62
800 0.62
820 0.61
810 0.6
860 0.57
880 0.56
900 0.52
920 0.5
940 0.47
960 0.44
980 0.41
1000 0.39
1050 0.33
1100 0.28
1150 0.25
1200 0.21
1250 0.18
1300 0.15
1350 0.13
1400 0.11
1450 0.096
1500 0.08
1600 0.06
1700 0.045
1800 0.03
1900 0.02
2000 0.014
2100 0.01
2200 0.007
2300 0.006
2400 0.006
2500 0.009
2600 0.015
2700 0.04
2800 0.08
2900 0.11
3000 0.11