290 6
300 5
310 3
320 1.55
330 0.79
340 0.43
350 0.26
360 0.17
370 0.123
380 0.094
390 0.076
400 0.063
410 0.052
420 0.043
430 0.038
440 0.034
450 0.029
460 0.027
470 0.027
480 0.028
490 0.033
500 0.041
510 0.055
520 0.076
530 0.099
540 0.138
550 0.18
560 0.23
570 0.29
580 0.35
590 0.42
600 0.5
610 0.56
620 0.64
630 0.73
640 0.82
650 0.89
660 0.98
670 1.04
680 1.1
690 1.18
700 1.23
710 1.27
720 1.32
730 1.35
740 1.37
750 1.39
760 1.4
780 1.43
800 1.43
820 1.41
810 1.37
860 1.34
880 1.28
900 1.23
920 1.17
940 1.1
960 1.04
980 0.97
1000 0.91
1050 0.79
1100 0.67
1150 0.58
1200 0.5
1250 0.44
1300 0.37
1350 0.32
1400 0.28
1450 0.23
1500 0.2
1600 0.16
1700 0.11
1800 0.076
1900 0.055
2000 0.042
2100 0.033
2200 0.024
2300 0.018
2400 0.017
2500 0.02
2600 0.028
2700 0.039
2800 0.09
2900 0.12
3000 0.12