300 6
310 6
320 3.8
330 2.4
340 1.44
350 0.96
360 0.68
370 0.52
380 0.41
390 0.34
400 0.28
410 0.24
420 0.2
430 0.175
440 0.15
450 0.135
460 0.122
470 0.115
480 0.11
490 0.115
500 0.128
510 0.15
520 0.19
530 0.24
540 0.3
550 0.39
560 0.49
570 0.61
580 0.72
590 0.85
600 1
610 1.15
620 1.3
630 1.46
640 1.65
650 1.8
660 1.95
670 2.1
680 2.25
690 2.35
700 2.45
710 2.5
720 2.6
730 2.7
740 2.75
750 2.8
760 2.85
780 2.9
800 2.9
820 2.9
810 2.8
860 2.75
880 2.65
900 2.55
920 2.45
940 2.3
960 2.2
980 2.1
1000 1.95
1050 1.7
1100 1.42
1150 1.22
1200 1.05
1250 0.92
1300 0.79
1350 0.69
1400 0.6
1450 0.52
1500 0.45
1600 0.34
1700 0.25
1800 0.18
1900 0.14
2000 0.1
2100 0.065
2200 0.046
2300 0.035
2400 0.03
2500 0.028
2600 0.03
2700 0.037
2800 0.065
2900 0.1
3000 0.11