300 2.7
310 1.9
320 1.55
330 1.95
340 3.6
350 6
360 6
370 6
380 6
390 4.2
400 2.85
410 1.9
420 1.44
430 1.14
440 0.9
450 0.77
460 0.68
470 0.63
480 0.57
490 0.53
500 0.5
510 0.49
520 0.47
530 0.45
540 0.43
550 0.41
560 0.39
570 0.39
580 0.4
590 0.41
600 0.41
610 0.42
620 0.42
630 0.43
640 0.43
650 0.42
660 0.4
670 0.36
680 0.33
690 0.28
700 0.27
710 0.24
720 0.22
730 0.2
740 0.18
750 0.175
760 0.16
780 0.13
800 0.12
820 0.113
840 0.1
860 0.094
880 0.09
900 0.086
920 0.08
940 0.075
960 0.07
980 0.068
1000 0.065
1050 0.06
1100 0.058
1150 0.056
1200 0.055
1250 0.053
1300 0.05
1350 0.045
1400 0.041
1450 0.04
1500 0.038
1600 0.036
1700 0.034
1800 0.032
1900 0.03
2000 0.027
2100 0.023
2200 0.021
2300 0.019
2400 0.018
2500 0.019
2600 0.023
2700 0.05
2800 0.093
2900 0.15
3000 0.2