300 4.7
310 3.9
320 3.6
330 3.8
340 5.4
350 6
360 6
370 6
380 6.1
390 4.6
400 2.4
410 1.65
420 1.31
430 1.29
440 1.3
450 1.3
460 1.3
470 1.28
480 1.25
490 1.23
500 1.2
510 1.15
520 1.1
530 1.06
540 1
550 0.97
560 0.95
570 0.94
580 0.94
590 0.96
600 1
610 1.05
620 1.09
630 1.13
640 1.15
650 1.18
660 1.2
670 1.23
680 1.25
690 1.25
700 1.25
710 1.23
720 1.2
730 1.16
740 1.12
750 1.07
760 1.05
780 1.06
800 1.05
820 1.03
840 0.97
860 0.93
880 0.88
900 0.82
920 0.78
940 0.74
960 0.7
980 0.66
1000 0.63
1050 0.57
1100 0.5
1150 0.45
1200 0.38
1250 0.34
1300 0.3
1350 0.25
1400 0.21
1450 0.17
1500 0.15
1600 0.12
1700 0.096
1800 0.08
1900 0.068
2000 0.057
2100 0.05
2200 0.043
2300 0.036
2400 0.03
2500 0.029
2600 0.04
2700 0.04
2800 0.092
2900 0.15
3000 0.2