300 6
310 6
320 6
330 6
340 6
350 6
360 6
370 6
380 6
390 6
400 5.6
410 3.2
420 2.65
430 2.65
440 2.7
450 2.75
460 2.75
470 2.7
480 2.65
490 2.6
500 2.5
510 2.35
520 2.25
530 2.15
540 2.05
550 2
560 1.95
570 1.95
580 1.95
590 2
600 2.05
610 2.15
620 2.25
630 2.3
640 2.4
650 2.45
660 2.5
670 2.5
680 2.55
690 2.6
700 2.6
710 2.55
720 2.5
730 2.45
740 2.35
750 2.25
760 2.2
780 2.2
800 2.15
820 2.1
840 2
860 1.95
880 1.85
900 1.8
920 1.7
940 1.65
960 1.6
980 1.5
1000 1.42
1050 1.22
1100 1.07
1150 0.97
1200 0.9
1250 0.8
1300 0.72
1350 0.62
1400 0.56
1450 0.48
1500 0.43
1600 0.35
1700 0.28
1800 0.24
1900 0.2
2000 0.17
2100 0.15
2200 0.14
2300 0.13
2400 0.12
2500 0.13
2600 0.15
2700 0.16
2800 0.18
2900 0.22
3000 0.24