300 2.9
310 2.25
320 2
330 2.1
340 2.5
350 4
360 6.2
370 5.9
380 4.2
390 2.45
400 1.7
410 1.25
420 0.98
430 0.99
440 1.02
450 1.05
460 1.07
470 1.07
480 1.05
490 1.02
500 0.99
510 0.95
520 0.9
530 0.85
540 0.8
550 0.76
560 0.75
570 0.75
580 0.75
590 0.76
600 0.78
610 0.81
620 0.84
630 0.86
640 0.88
650 0.9
660 0.91
670 0.9
680 0.88
690 0.88
700 0.87
710 0.86
720 0.84
730 0.82
740 0.81
750 0.8
760 0.79
780 0.77
800 0.75
820 0.72
840 0.68
860 0.64
880 0.6
900 0.57
920 0.53
940 0.5
960 0.48
980 0.45
1000 0.42
1050 0.38
1100 0.33
1150 0.3
1200 0.25
1250 0.22
1300 0.19
1350 0.17
1400 0.14
1450 0.12
1500 0.11
1600 0.087
1700 0.073
1800 0.063
1900 0.052
2000 0.049
2100 0.038
2200 0.032
2300 0.026
2400 0.022
2500 0.021
2600 0.024
2700 0.035
2800 0.052
2900 0.11
3000 0.2