320 6
330 4.2
340 1.95
350 0.94
360 0.59
370 0.43
380 0.4
390 0.34
400 0.33
410 0.32
420 0.34
430 0.35
440 0.37
450 0.37
460 0.37
470 0.37
480 0.36
490 0.35
500 0.34
510 0.33
520 0.31
530 0.29
540 0.27
550 0.24
560 0.22
570 0.21
580 0.21
590 0.21
600 0.2
610 0.185
620 0.18
630 0.17
640 0.17
650 0.165
660 0.16
670 0.145
680 0.13
690 0.119
700 0.114
710 0.112
720 0.114
730 0.117
740 0.119
750 0.125
760 0.131
780 0.14
800 0.149
820 0.155
840 0.165
860 0.17
880 0.18
900 0.185
920 0.195
940 0.195
960 0.2
980 0.21
1000 0.21
1050 0.21
1100 0.21
1150 0.21
1200 0.21
1250 0.2
1300 0.19
1350 0.18
1400 0.16
1450 0.15
1500 0.14
1600 0.13
1700 0.11
1800 0.103
1900 0.095
2000 0.087
2100 0.081
2200 0.073
2300 0.071
2400 0.07
2500 0.074
2600 0.08
2700 0.093
2800 0.11
2900 0.13
3000 0.14