330 6
340 3
350 1.45
360 0.91
370 0.67
380 0.62
390 0.53
400 0.49
410 0.5
420 0.53
430 0.55
440 0.57
450 0.58
460 0.57
470 0.57
480 0.56
490 0.55
500 0.53
510 0.51
520 0.48
530 0.45
540 0.42
550 0.37
560 0.34
570 0.32
580 0.32
590 0.32
600 0.3
610 0.29
620 0.28
630 0.27
640 0.26
650 0.26
660 0.25
670 0.22
680 0.2
690 0.185
700 0.175
710 0.175
720 0.175
730 0.18
740 0.185
750 0.195
760 0.2
780 0.22
800 0.23
820 0.24
840 0.26
860 0.27
880 0.28
900 0.29
920 0.3
940 0.31
960 0.31
980 0.32
1000 0.32
1050 0.33
1100 0.33
1150 0.33
1200 0.32
1250 0.31
1300 0.29
1350 0.28
1400 0.25
1450 0.23
1500 0.22
1600 0.2
1700 0.17
1800 0.16
1900 0.15
2000 0.14
2100 0.12
2200 0.11
2300 0.11
2400 0.11
2500 0.12
2600 0.13
2700 0.15
2800 0.17
2900 0.2
3000 0.22