220 3
230 0.92
240 0.32
250 0.133
260 0.072
270 0.045
280 0.025
290 0.013
300 0.008
310 0.006
320 0.004
330 0.003
340 0.004
350 0.005
360 0.008
370 0.016
380 0.035
390 0.094
400 0.23
410 0.47
420 0.72
430 0.94
440 1.03
450 1.07
460 1.1
470 1.2
480 1.33
490 1.43
500 1.7
510 1.95
520 2.3
530 2.4
540 2.5
550 2.5
560 2.75
570 3.25
580 3.5
590 3.3
600 3.2
610 3.1
620 3
630 2.85
640 2.4
650 1.75
660 1.15
670 0.64
680 0.36
690 0.19
700 0.12
710 0.091
720 0.08
730 0.085
740 0.095
750 0.11
760 0.125
780 0.155
800 0.185
820 0.21
840 0.22
860 0.24
880 0.25
900 0.25
920 0.26
940 0.25
960 0.25
980 0.24
1000 0.23
1050 0.22
1100 0.26
1150 0.33
1200 0.4
1250 0.45
1300 0.48
1350 0.51
1400 0.5
1450 0.47
1500 0.47
1600 0.47
1700 0.47
1800 0.43
1900 0.4
2000 0.34
2100 0.3
2200 0.28
2300 0.25
2400 0.23
2500 0.24
2600 0.25
2700 0.27
2800 0.37
2900 0.63
3000 1.1