220 5.2
230 3.8
240 2.7
250 1.44
260 0.67
270 0.34
280 0.17
290 0.09
300 0.053
310 0.037
320 0.028
330 0.026
340 0.029
350 0.036
360 0.055
370 0.108
380 0.27
390 0.81
400 2.2
410 4.6
420 6
430 6
440 6
450 6
460 6
470 6
480 6
490 6
500 6
510 6
520 6
530 6
540 6
550 6
560 6
570 6
580 6
590 6
600 6
610 6
620 6
630 6
640 6
650 5.5
660 3.6
670 2.25
680 1.36
690 0.82
700 0.65
710 0.54
720 0.49
730 0.54
740 0.63
750 0.75
760 0.91
780 1.27
800 1.5
820 1.75
840 1.95
860 2.1
880 2.15
900 2.15
920 2.15
940 2.1
960 2
980 1.9
1000 1.7
1050 1.45
1100 1.32
1150 1.55
1200 1.75
1250 1.9
1300 2.2
1350 2.35
1400 2.4
1450 2.4
1500 2.4
1600 2.4
1700 2.2
1800 2.2
1900 2.2
2000 1.9
2100 1.7
2200 1.5
2300 1.3
2400 1.16
2500 1.05
2600 1
2700 1.05
2800 1.35
2900 1.9
3000 2.2