220 4
230 1.29
240 0.39
250 0.14
260 0.063
270 0.035
280 0.018
290 0.01
300 0.007
310 0.005
320 0.003
330 0.003
340 0.003
350 0.005
360 0.009
370 0.02
380 0.054
390 0.16
400 0.41
410 0.87
420 1.34
430 1.7
440 1.85
450 1.7
460 1.5
470 1.31
480 1.17
490 1.13
500 1.17
510 1.26
520 1.42
530 1.5
540 1.48
550 1.46
560 1.6
570 1.85
580 2.1
590 2
600 1.85
610 1.75
620 1.7
630 1.6
640 1.35
650 1.03
660 0.7
670 0.42
680 0.26
690 0.155
700 0.11
710 0.096
720 0.102
730 0.113
740 0.132
750 0.16
760 0.185
780 0.24
800 0.28
820 0.32
840 0.34
860 0.36
880 0.36
900 0.36
920 0.35
940 0.33
960 0.31
980 0.29
1000 0.27
1050 0.23
1100 0.23
1150 0.27
1200 0.33
1250 0.37
1300 0.43
1350 0.46
1400 0.48
1450 0.48
1500 0.48
1600 0.44
1700 0.4
1800 0.4
1900 0.4
2000 0.39
2100 0.36
2200 0.34
2300 0.32
2400 0.31
2500 0.31
2600 0.31
2700 0.34
2800 0.4
2900 0.58
3000 1.01