260 6.0
270 3.1
280 1.75
290 0.92
300 0.48
310 0.25
320 0.13
330 0.074
340 0.045
350 0.035
360 0.033
370 0.047
380 0.104
390 0.3
400 0.83
410 1.85
420 3.2
430 4.3
440 5.1
450 5.5
460 5.5
470 4.9
480 5.2
490 5.2
500 5.4
510 5.8
520 6
530 6
540 6
550 5.8
560 5.6
570 6
580 6
590 6
600 6
610 6
620 6
630 6
640 6
650 6
660 6
670 5
680 2.9
690 1.65
700 0.9
710 0.58
720 0.41
730 0.31
740 0.28
750 0.3
760 0.36
780 0.47
800 0.57
820 0.67
840 0.78
860 0.86
880 0.9
900 0.93
920 0.94
940 0.96
960 0.96
980 0.97
1000 0.99
1050 1.1
1100 1.22
1150 1.4
1200 1.5
1250 1.55
1300 1.55
1350 1.4
1400 1.4
1450 1.5
1500 1.6
1600 1.6
1700 1.55
1800 1.6
1900 1.5
2000 1.3
2100 1.15
2200 0.98
2300 0.85
2400 0.84
2500 0.7
2600 0.52
2700 0.6
2800 0.63
2900 0.57
3000 0.53