250 6
260 4.5
270 3.2
280 2.1
290 1.23
300 0.71
310 0.42
320 0.26
330 0.165
340 0.11
350 0.087
360 0.108
370 0.137
380 0.25
390 0.51
400 0.95
410 1.49
420 1.9
430 2.2
440 2.3
450 2.3
460 2.3
470 2.45
480 2.7
490 2.95
500 3.2
510 3.4
520 3.5
530 3.4
540 3.1
550 3.1
560 3.5
570 3.9
580 4.5
590 4.5
600 4.5
610 4.1
620 3.8
630 3.9
640 3.8
650 3.7
660 3.4
670 2.75
680 2.15
690 1.5
700 0.97
710 0.65
720 0.47
730 0.38
740 0.33
750 0.32
760 0.33
780 0.38
800 0.42
820 0.45
840 0.46
860 0.47
880 0.47
900 0.47
920 0.47
940 0.47
960 0.48
980 0.48
1000 0.5
1050 0.56
1100 0.66
1150 0.76
1200 0.85
1250 1.05
1300 1.18
1350 1.18
1400 1.23
1450 1.23
1500 1.31
1600 1.31
1700 1.24
1800 1.24
1900 1.24
2000 1.2
2100 1.03
2200 0.93
2300 0.81
2400 0.74
2500 0.59
2600 0.52
2700 0.48
2800 0.44
2900 0.54
3000 0.73