370 1.66667
380 0.56667
390 0.12
400 0.05167
410 0.02833
420 0.01833
430 0.012
440 0.00933
450 0.00767
460 0.00617
470 0.00517
480 0.00433
490 0.0035
500 0.00267
510 0.00217
520 0.00183
530 0.0015
540 0.00117
550 1E-3
560 8.33333E-4
570 8.33333E-4
580 8.33333E-4
590 8.33333E-4
600 8.33333E-4
620 1E-3
640 0.00133
660 0.00167
680 0.002
700 0.0025
750 0.00333
800 0.00417
850 0.005
900 0.00583
950 0.00667
1000 0.00683
1200 0.00717
1400 0.006
1600 0.00483
1800 0.00417
2000 0.00433
2200 0.0055
2400 0.0075
2600 0.02167
2800 0.1
3000 0.13333