300 6
310 4.5
320 2.5
330 1.3
340 0.53
350 0.21
360 0.09
370 0.067
380 0.071
390 0.11
400 0.17
410 0.21
420 0.19
430 0.16
440 0.11
450 0.06
460 0.052
470 0.032
480 0.035
490 0.035
500 0.03
510 0.017
520 0.005
530 0.002
540 0.002
550 1E-3
560 1E-3
570 1E-3
580 1E-3
590 1E-3
600 1E-3
610 1E-3
620 1E-3
630 1E-3
640 1E-3
650 1E-3
660 0.002
670 0.002
680 0.002
690 0.002
700 0.002
710 0.002
720 0.002
730 1E-3
740 1E-3
750 1E-3
760 1E-3
780 0.002
800 0.002
820 0.002
840 0.002
860 0.002
880 0.002
900 0.002
920 0.002
940 0.002
960 0.002
980 1E-3
1000 1E-3
1050 1E-3
1100 1E-3
1150 1E-3
1200 1E-3
1250 1E-3
1300 1E-3
1350 1E-3
1400 1E-3
1450 1E-3
1500 1E-3
1600 1E-3
1700 1E-3
1800 1E-3
1900 1E-3
2000 1E-3
2100 0.002
2200 0.004
2300 0.006
2400 0.009
2500 0.02
2600 0.04
2700 0.065
2800 0.18
2900 0.27
3000 0.23