223 3.6
230 1.85
240 1.14
250 0.57
260 0.32
270 0.21
280 0.144
290 0.106
300 0.089
310 0.106
320 0.193
330 0.31
340 0.45
350 0.56
360 0.59
370 0.55
380 0.47
390 0.38
400 0.34
410 0.37
420 0.43
430 0.5
440 0.58
450 0.57
460 0.53
470 0.45
480 0.37
490 0.28
500 0.2
510 0.131
520 0.084
530 0.055
540 0.034
550 0.022
560 0.014
570 0.009
580 0.007
590 0.007
600 0.007
610 0.011
620 0.012
630 0.011
640 0.005
650 0.002
660 1E-3
670 1E-3
680 1E-3
690 1E-3
700 1E-3
710 1E-3
720 1E-3
730 1E-3
740 1E-3
750 1E-3
760 1E-3
780 1E-3
800 1E-3
820 1E-3
840 1E-3
860 0.002
880 0.002
900 0.003
920 0.006
940 0.01
960 0.012
980 0.016
1000 0.02
1050 0.011
1100 0.008
1150 0.007
1200 0.006
1250 0.006
1300 0.005
1350 0.005
1400 0.005
1450 0.006
1500 0.007
1600 0.009
1700 0.013
1800 0.019
1900 0.024
2000 0.033
2100 0.038
2200 0.046
2300 0.057
2400 0.072
2500 0.094
2600 0.13
2700 0.19
2800 0.32
2900 0.6
3000 1.2