260 6
270 5.2
280 2.5
290 0.95
300 0.41
310 0.24
320 0.3
330 0.53
340 0.97
350 1.5
360 1.85
370 1.7
380 1.25
390 0.74
400 0.39
410 0.24
420 0.17
430 0.123
440 0.082
450 0.052
460 0.036
470 0.023
480 0.014
490 0.009
500 0.007
510 0.005
520 0.004
530 0.003
540 0.002
550 0.002
560 0.002
570 0.002
580 0.003
590 0.003
600 0.004
610 0.005
620 0.005
630 0.006
640 0.006
650 0.007
660 0.007
670 0.007
680 0.006
690 0.005
700 0.005
710 0.004
720 0.004
730 0.003
740 0.003
750 0.003
760 0.002
780 1E-3
800 1E-3
820 1E-3
840 1E-3
860 1E-3
880 1E-3
900 1E-3
920 1E-3
940 1E-3
960 1E-3
980 1E-3
1000 1E-3
1050 1E-3
1100 1E-3
1150 1E-3
1200 1E-3
1250 1E-3
1300 1E-3
1350 1E-3
1400 1E-3
1450 1E-3
1500 1E-3
1600 1E-3
1700 1E-3
1800 1E-3
1900 1E-3
2000 1E-3
2100 1E-3
2200 0.002
2300 0.003
2400 0.005
2500 0.007
2600 0.013
2700 0.023
2800 0.055
2900 0.14
3000 0.15