350 6
360 2.55
370 1.16
380 0.6
390 0.33
400 0.19
410 0.107
420 0.069
430 0.046
440 0.033
450 0.025
460 0.019
470 0.015
480 0.013
490 0.011
500 0.009
510 0.009
520 0.008
530 0.007
540 0.006
550 0.005
560 0.005
570 0.005
580 0.005
590 0.005
600 0.004
610 0.004
620 0.003
630 0.003
640 0.003
650 0.003
660 0.003
670 0.003
680 0.003
690 0.002
700 0.002
710 0.002
720 0.002
730 0.002
740 0.002
750 0.002
760 1E-3
780 1E-3
800 1E-3
820 1E-3
840 1E-3
860 1E-3
880 1E-3
900 1E-3
920 1E-3
940 1E-3
960 1E-3
980 1E-3
1000 1E-3
1050 1E-3
1100 1E-3
1150 1E-3
1200 1E-3
1250 1E-3
1300 1E-3
1350 1E-3
1400 1E-3
1450 1E-3
1500 1E-3
1600 1E-3
1700 1E-3
1800 1E-3
1900 1E-3
2000 1E-3
2100 1E-3
2200 0.002
2300 0.004
2400 0.006
2500 0.01
2600 0.017
2700 0.029
2800 0.055
2900 0.105
3000 0.17