280 6
290 3.8
300 1.7
310 1.11
320 1.05
330 1.29
340 2.6
350 5.1
360 6
370 6
380 5.2
390 3.4
400 2.3
410 1.65
420 1.21
430 0.89
440 0.68
450 0.49
460 0.34
470 0.25
480 0.18
490 0.13
500 0.1
510 0.074
520 0.056
530 0.045
540 0.04
550 0.038
560 0.04
570 0.042
580 0.05
590 0.06
600 0.07
610 0.08
620 0.094
630 0.105
640 0.11
650 0.11
660 0.11
670 0.1
680 0.092
690 0.09
700 0.087
710 0.08
720 0.07
730 0.064
740 0.057
750 0.05
760 0.042
780 0.029
800 0.02
820 0.017
840 0.014
860 0.012
880 0.011
900 0.01
920 0.009
940 0.009
960 0.008
980 0.008
1000 0.007
1050 0.007
1100 0.006
1150 0.006
1200 0.006
1250 0.005
1300 0.005
1350 0.005
1400 0.005
1450 0.005
1500 0.005
1600 0.005
1700 0.005
1800 0.005
1900 0.006
2000 0.006
2100 0.007
2200 0.008
2300 0.01
2400 0.012
2500 0.015
2600 0.022
2700 0.03
2800 0.045
2900 0.085
3000 0.11