390 6
400 5.5
410 5
420 4.2
430 3.5
440 2.85
450 2.55
460 2.2
470 1.9
480 1.65
490 1.4
500 1.21
510 1.09
520 0.96
530 0.92
540 0.9
550 0.92
560 0.96
570 0.99
580 1.05
590 1.12
600 1.24
610 1.4
620 1.6
630 1.75
640 1.8
650 1.85
660 1.9
670 1.85
680 1.75
690 1.7
700 1.7
710 1.65
720 1.6
730 1.6
740 1.55
750 1.55
760 1.55
780 1.55
800 1.5
820 1.5
840 1.5
860 1.48
880 1.45
900 1.4
920 1.35
940 1.3
960 1.24
980 1.17
1000 1.08
1050 0.98
1100 0.88
1150 0.78
1200 0.72
1250 0.65
1300 0.6
1350 0.5
1400 0.45
1450 0.39
1500 0.35
1600 0.32
1700 0.3
1800 0.28
1900 0.26
2000 0.25
2100 0.25
2200 0.24
2300 0.21
2400 0.17
2500 0.16
2600 0.15
2700 0.17
2800 0.18
2900 0.2
3000 0.22