430 6
440 4.5
450 2.9
460 1.87
470 1.21
480 0.71
490 0.41
500 0.23
510 0.13
520 0.073
530 0.042
540 0.026
550 0.015
560 0.013
570 0.01
580 0.011
590 0.015
600 0.019
610 0.022
620 0.026
630 0.028
640 0.029
650 0.03
660 0.027
670 0.027
680 0.023
690 0.019
700 0.02
710 0.015
720 0.01
730 0.009
740 0.006
750 0.003
760 0.002
780 1E-3
800 1E-3
820 1E-3
840 1E-3
860 1E-3
880 1E-3
900 1E-3
920 1E-3
940 1E-3
960 1E-3
980 1E-3
1000 1E-3
1050 1E-3
1100 1E-3
1150 1E-3
1200 1E-3
1250 1E-3
1300 1E-3
1350 1E-3
1400 1E-3
1450 1E-3
1500 1E-3
1600 1E-3
1700 1E-3
1800 1E-3
1900 1E-3
2000 1E-3
2100 1E-3
2200 1E-3
2300 1E-3
2400 1E-3
2500 1E-3
2600 1E-3
2700 0.002
2800 0.003
2900 0.012
3000 0.062