410 6
420 5
430 3.3
440 2.5
450 1.85
460 1.32
470 0.95
480 0.71
490 0.51
500 0.38
510 0.28
520 0.22
530 0.18
540 0.17
550 0.18
560 0.2
570 0.24
580 0.3
590 0.37
600 0.45
610 0.53
620 0.61
630 0.69
640 0.75
650 0.81
660 0.84
670 0.84
680 0.83
690 0.84
700 0.85
710 0.83
720 0.81
730 0.78
740 0.76
750 0.74
760 0.72
780 0.69
800 0.67
820 0.66
840 0.65
860 0.63
880 0.61
900 0.57
920 0.53
940 0.5
960 0.47
980 0.45
1000 0.43
1050 0.38
1100 0.33
1150 0.28
1200 0.24
1250 0.21
1300 0.18
1350 0.16
1400 0.14
1450 0.12
1500 0.11
1600 0.09
1700 0.08
1800 0.07
1900 0.06
2000 0.04
2100 0.03
2200 0.02
2300 0.02
2400 0.02
2500 0.02
2600 0.03
2700 0.04
2800 0.06
2900 0.09
3000 0.14