280 6
290 3.8
300 1.7
310 0.86
320 0.72
330 1
340 1.6
350 2.45
360 3.2
370 3.2
380 2.5
390 1.6
400 1.07
410 0.75
420 0.53
430 0.38
440 0.28
450 0.21
460 0.16
470 0.122
480 0.097
490 0.07
500 0.058
510 0.04
520 0.031
530 0.022
540 0.018
550 0.018
560 0.02
570 0.027
580 0.032
590 0.038
600 0.043
610 0.048
620 0.051
630 0.055
640 0.058
650 0.06
660 0.06
670 0.058
680 0.053
690 0.05
700 0.048
710 0.046
720 0.04
730 0.036
740 0.034
750 0.029
760 0.025
780 0.018
800 0.015
820 0.011
840 0.009
860 0.008
880 0.007
900 0.007
920 0.006
940 0.003
960 0.005
980 0.005
1000 0.005
1050 0.004
1100 0.004
1150 0.004
1200 0.004
1250 0.003
1300 0.003
1350 0.003
1400 0.003
1450 0.003
1500 0.003
1600 0.003
1700 0.003
1800 0.003
1900 0.003
2000 0.004
2100 0.005
2200 0.005
2300 0.007
2400 0.008
2500 0.013
2600 0.02
2700 0.03
2800 0.045
2900 0.085
3000 0.11