410 6
420 6
430 5.2
440 4.3
450 3.5
460 2.95
470 2.55
480 2.3
490 2.05
500 1.85
510 1.6
520 1.5
530 1.42
540 1.4
550 1.43
560 1.47
570 1.55
580 1.55
590 1.6
600 1.75
610 1.9
620 2.15
630 2.3
640 2.4
650 2.45
660 2.4
670 2.3
680 2.15
690 2.1
700 2
710 1.95
720 1.9
730 1.9
740 1.9
750 1.9
760 1.9
780 1.9
800 1.9
820 1.9
840 1.85
860 1.85
880 1.8
900 1.8
920 1.75
940 1.65
960 1.6
980 1.55
1000 1.45
1050 1.3
1100 1.15
1150 1.05
1200 0.9
1250 0.8
1300 0.75
1350 0.65
1400 0.6
1450 0.55
1500 0.5
1600 0.45
1700 0.42
1800 0.4
1900 0.4
2000 0.4
2100 0.4
2200 0.4
2300 0.37
2400 0.35
2500 0.31
2600 0.3
2700 0.31
2800 0.4
2900 0.5
3000 0.55