240 0.65
250 0.5
260 0.4
270 0.3
280 0.23
290 0.17
300 0.13
310 0.094
320 0.074
330 0.063
340 0.058
350 0.058
360 0.062
370 0.075
380 0.103
390 0.15
400 0.2
410 0.26
420 0.33
430 0.38
440 0.43
450 0.44
460 0.44
470 0.41
480 0.34
490 0.27
500 0.2
510 0.14
520 0.089
530 0.058
540 0.032
550 0.017
560 0.015
570 0.016
580 0.02
590 0.029
600 0.041
610 0.059
620 0.079
630 0.104
640 0.14
650 0.17
660 0.2
670 0.23
680 0.25
690 0.26
700 0.26
710 0.26
720 0.25
730 0.23
740 0.21
750 0.19
760 0.17
780 0.12
800 0.077
820 0.051
840 0.032
860 0.017
880 0.012
900 0.008
920 0.004
940 0.003
960 0.002
980 0.002
1000 0.002
1050 1E-3
1100 1E-3
1150 1E-3
1200 1E-3
1250 1E-3
1300 1E-3
1350 0.002
1400 0.003
1450 0.004
1500 0.006
1600 0.01
1700 0.016
1800 0.024
1900 0.036
2000 0.052
2100 0.071
2200 0.097
2300 0.13
2400 0.16
2500 0.2
2600 0.27
2700 0.35
2800 1
2900 2.1
3000 2.4