300 4.3
310 2.5
320 2.25
330 2.9
340 4.8
350 6
360 6
370 6
380 6
390 4.8
400 3.2
410 2.3
420 1.6
430 1.08
440 0.74
450 0.57
460 0.44
470 0.32
480 0.24
490 0.18
500 0.126
510 0.1
520 0.08
530 0.068
540 0.065
550 0.068
560 0.076
570 0.096
580 0.112
590 0.14
600 0.17
610 0.21
620 0.24
630 0.26
640 0.28
650 0.3
660 0.31
670 0.32
680 0.32
690 0.32
700 0.33
710 0.33
720 0.32
730 0.32
740 0.31
750 0.31
760 0.3
780 0.29
800 0.28
820 0.27
840 0.25
860 0.24
880 0.22
900 0.21
920 0.2
940 0.19
960 0.18
980 0.165
1000 0.155
1050 0.13
1100 0.112
1150 0.1
1200 0.09
1250 0.08
1300 0.07
1350 0.055
1400 0.045
1450 0.04
1500 0.035
1600 0.03
1700 0.025
1800 0.022
1900 0.02
2000 0.02
2100 0.02
2200 0.02
2300 0.021
2400 0.022
2500 0.025
2600 0.03
2700 0.04
2800 0.06
2900 0.09
3000 0.11