300 6
310 4.5
320 2.5
330 1.6
340 1.35
350 1.49
360 1.6
370 1.55
380 1.24
390 0.79
400 0.42
410 0.25
420 0.2
430 0.17
440 0.142
450 0.111
460 0.084
470 0.065
480 0.052
490 0.043
500 0.035
510 0.029
520 0.025
530 0.022
540 0.02
550 0.019
560 0.018
570 0.019
580 0.02
590 0.021
600 0.023
610 0.025
620 0.027
630 0.028
640 0.029
650 0.029
660 0.029
670 0.028
680 0.026
690 0.026
700 0.025
710 0.023
720 0.021
730 0.019
740 0.017
750 0.015
760 0.013
780 0.01
800 0.008
820 0.007
840 0.006
860 0.005
880 0.005
900 0.004
920 0.004
940 0.004
960 0.004
980 0.003
1000 0.003
1050 0.003
1100 0.003
1150 0.003
1200 0.002
1250 0.002
1300 0.002
1350 0.002
1400 0.002
1450 0.002
1500 0.002
1600 0.002
1700 0.002
1800 0.002
1900 0.003
2000 0.003
2100 0.004
2200 0.005
2300 0.006
2400 0.007
2500 0.009
2600 0.014
2700 0.02
2800 0.033
2900 0.105
3000 0.18