390 6
400 5.5
410 5
420 4.2
430 3.5
440 2.85
450 2.35
460 1.85
470 1.55
480 1.27
490 1
500 0.82
510 0.72
520 0.66
530 0.62
540 0.6
550 0.62
560 0.65
570 0.72
580 0.8
590 0.92
600 1.04
610 1.18
620 1.35
630 1.47
640 1.51
650 1.65
660 1.75
670 1.7
680 1.7
690 1.7
700 1.7
710 1.7
720 1.7
730 1.65
740 1.65
750 1.65
760 1.6
780 1.6
800 1.6
820 1.55
840 1.55
860 1.55
880 1.48
900 1.44
920 1.38
940 1.32
960 1.26
980 1.2
1000 1.12
1050 0.98
1100 0.88
1150 0.78
1200 0.7
1250 0.6
1300 0.55
1350 0.5
1400 0.45
1450 0.37
1500 0.3
1600 0.25
1700 0.25
1800 0.2
1900 0.2
2000 0.2
2100 0.18
2200 0.18
2300 0.17
2400 0.16
2500 0.15
2600 0.15
2700 0.15
2800 0.16
2900 0.18
3000 0.2