300 6
310 3.6
320 2.9
330 3.7
340 5.9
350 6
360 6
370 6
380 6
390 5.9
400 3.9
410 2.75
420 2.1
430 1.48
440 1.08
450 0.8
460 0.62
470 0.47
480 0.38
490 0.29
500 0.23
510 0.18
520 0.15
530 0.14
540 0.15
550 0.18
560 0.22
570 0.27
580 0.34
590 0.41
600 0.5
610 0.58
620 0.68
630 0.76
640 0.83
650 0.89
660 0.94
670 0.98
680 1
690 1.04
700 1.06
710 1.07
720 1.07
730 1.07
740 1.06
750 1.06
760 1.04
780 1.01
800 0.99
820 0.96
840 0.93
860 0.89
880 0.85
900 0.82
920 0.77
940 0.72
960 0.67
980 0.62
1000 0.58
1050 0.48
1100 0.42
1150 0.36
1200 0.3
1250 0.26
1300 0.21
1350 0.17
1400 0.15
1450 0.13
1500 0.12
1600 0.1
1700 0.09
1800 0.08
1900 0.07
2000 0.06
2100 0.05
2200 0.05
2300 0.05
2400 0.05
2500 0.06
2600 0.09
2700 0.15
2800 0.23
2900 0.33
3000 0.39