380 6
390 5.5
400 3.3
410 2.5
420 2
430 1.6
440 1.4
450 1.2
460 1.03
470 0.86
480 0.73
490 0.58
500 0.45
510 0.33
520 0.24
530 0.18
540 0.14
550 0.13
560 0.14
570 0.165
580 0.22
590 0.29
600 0.37
610 0.49
620 0.62
630 0.74
640 0.8
650 0.85
660 0.93
670 0.91
680 0.88
690 0.94
700 0.9
710 0.84
720 0.77
730 0.7
740 0.64
750 0.59
760 0.54
780 0.49
800 0.47
820 0.45
840 0.43
860 0.4
880 0.36
900 0.32
920 0.27
940 0.22
960 0.17
980 0.13
1000 0.102
1050 0.06
1100 0.034
1150 0.019
1200 0.014
1250 0.008
1300 0.005
1350 0.004
1400 0.004
1450 0.005
1500 0.007
1600 0.01
1700 0.014
1800 0.02
1900 0.029
2000 0.038
2100 0.048
2200 0.06
2300 0.073
2400 0.086
2500 0.1
2600 0.12
2700 0.15
2800 0.22
2900 0.55
3000 1.26