360 6
370 5.6
380 4.8
390 3.9
400 3.2
410 2.6
420 1.9
430 1.46
440 1.07
450 0.77
460 0.57
470 0.42
480 0.33
490 0.26
500 0.21
510 0.17
520 0.15
530 0.15
540 0.17
550 0.21
560 0.27
570 0.34
580 0.42
590 0.51
600 0.62
610 0.72
620 0.84
630 0.95
640 1.04
650 1.12
660 1.2
670 1.26
680 1.29
690 1.38
700 1.4
710 1.41
720 1.41
730 1.45
740 1.43
750 1.42
760 1.43
780 1.43
800 1.43
820 1.43
840 1.39
860 1.36
880 1.32
900 1.27
920 1.22
940 1.16
960 1.11
980 1.03
1000 0.99
1050 0.86
1100 0.74
1150 0.65
1200 0.59
1250 0.54
1300 0.49
1350 0.45
1400 0.41
1450 0.38
1500 0.34
1600 0.29
1700 0.25
1800 0.22
1900 0.18
2000 0.15
2100 0.13
2200 0.11
2300 0.09
2400 0.08
2500 0.07
2600 0.06
2700 0.055
2800 0.06
2900 0.075
3000 0.11