300 6
310 6
320 6
330 6
340 6
350 6
360 6
370 6
380 6
390 6
400 6
410 5.6
420 4
430 3
440 2.2
450 1.65
460 1.24
470 0.97
480 0.77
490 0.061
500 0.46
510 0.36
520 0.3
530 0.28
540 0.3
550 0.35
560 0.43
570 0.53
580 0.65
590 0.8
600 0.98
610 1.13
620 1.32
630 1.5
640 1.65
650 1.75
660 1.85
670 1.9
680 1.95
690 2.05
700 2.05
710 2.1
720 2.1
730 2.1
740 2.05
750 2.05
760 2.05
780 2
800 1.95
820 1.85
840 1.8
860 1.75
880 1.65
900 1.6
920 1.5
940 1.4
960 1.31
980 1.21
1000 1.13
1050 0.94
1100 0.82
1150 0.7
1200 0.58
1250 0.51
1300 0.41
1350 0.33
1400 0.28
1450 0.25
1500 0.23
1600 0.19
1700 0.16
1800 0.14
1900 0.12
2000 0.1
2100 0.09
2200 0.08
2300 0.08
2400 0.08
2500 0.09
2600 0.12
2700 0.19
2800 0.27
2900 0.45
3000 0.5