250 6
260 5.5
270 3.6
280 1.6
290 1.02
300 0.65
310 0.45
320 0.35
330 0.25
340 0.1
350 0.14
360 0.105
370 0.076
380 0.058
390 0.045
400 0.04
410 0.056
420 0.17
430 0.35
440 0.27
450 0.24
460 0.25
470 0.36
480 0.6
490 0.63
500 0.28
510 0.065
520 0.026
530 0.15
540 0.4
550 0.3
560 0.032
570 0.024
580 0.061
590 0.16
600 0.26
610 0.42
620 0.73
630 1.04
640 0.83
650 0.81
660 1.02
670 1.44
680 0.21
690 0.056
700 0.022
710 0.016
720 0.015
730 0.015
740 0.016
750 0.02
760 0.025
770 0.038
780 0.059
790 0.085
800 0.104
810 0.125
820 0.136
830 0.16
840 0.175
850 0.19
860 0.21
870 0.22
880 0.235
890 0.25
900 0.26
910 0.24
920 0.19
930 0.14
940 0.095
950 0.07
960 0.06
970 0.065
980 0.085
990 0.13
1000 0.2
1025 0.4
1050 0.67
1075 0.92
1100 1.09
1125 1.2
1150 1.21
1175 0.7
1200 0.27
1250 0.071
1300 0.052
1350 0.137
1400 0.31
1450 0.43
1500 0.49
1550 0.45
1600 0.34
1650 0.27
1700 0.15
1750 0.08
1800 0.074
1850 0.07
1900 0.07
1950 0.09
2000 0.15
2050 0.24
2100 0.3
2150 0.34
2200 0.39
2250 0.44
2300 0.4
2350 0.33
2400 0.25
2450 0.21
2500 0.2
2550 0.22
2600 0.23
2650 0.26
2700 0.35
2750 0.45
2800 0.62
2850 0.8
2900 1.02
2950 1.23
3000 1.49