320 6
330 5.1
340 4.2
350 3.5
360 2.9
370 2.45
380 2
390 1.55
400 1.2
410 0.88
420 0.64
430 0.46
440 0.32
450 0.22
460 0.15
470 0.095
480 0.064
490 0.041
500 0.027
510 0.02
520 0.016
530 0.015
540 0.016
550 0.02
560 0.025
570 0.036
580 0.048
590 0.065
600 0.084
610 0.108
620 0.13
630 0.16
640 0.19
650 0.22
660 0.25
670 0.28
680 0.31
690 0.33
700 0.36
710 0.38
720 0.4
730 0.43
740 0.45
750 0.48
760 0.5
780 0.56
800 0.59
820 0.62
840 0.64
860 0.64
880 0.63
900 0.6
920 0.56
940 0.52
960 0.47
980 0.44
1000 0.4
1050 0.33
1100 0.28
1150 0.24
1200 0.21
1250 0.17
1300 0.14
1350 0.11
1400 0.081
1450 0.059
1500 0.04
1600 0.03
1700 0.028
1800 0.031
1900 0.039
2000 0.053
2100 0.071
2200 0.095
2300 0.12
2400 0.15
2500 0.21
2600 0.31
2700 0.53
2800 1.3
2900 2.5
3000 2.8